20210314:210000 5 15 5 242 5 -6.486E-01 -5.960E-03 1.121E-02 1.578E-01 5.470E-02 -6.640E-01 5.847E-03 2.089E-02 1.753E-01 6.277E-02 0 1 8 9 10
20210315:210000 5 15 5 163 5 -6.345E-01 -1.198E-02 -5.975E-03 1.560E-01 4.840E-02 -6.486E-01 -5.960E-03 1.121E-02 1.578E-01 5.470E-02 0 1 8 9 10
20210316:210000 5 15 5 198 5 -6.267E-01 -1.677E-02 -1.466E-02 1.531E-01 4.270E-02 -6.345E-01 -1.198E-02 -5.975E-03 1.560E-01 4.840E-02 0 1 8 9 10
20210317:210000 5 15 5 303 5 -6.133E-01 -2.669E-02 -2.318E-02 1.477E-01 3.760E-02 -6.267E-01 -1.677E-02 -1.466E-02 1.531E-01 4.270E-02 0 1 8 9 10
20210318:210000 5 15 5 235 5 -6.183E-01 -2.040E-02 -5.689E-03 1.385E-01 4.543E-02 -6.133E-01 -2.669E-02 -2.318E-02 1.477E-01 3.760E-02 0 1 8 9 10
20210319:210000 5 15 5 197 5 -5.995E-01 -2.786E-02 -1.007E-02 1.237E-01 4.068E-02 -6.183E-01 -2.040E-02 -5.689E-03 1.385E-01 4.543E-02 0 1 8 9 10
20210320:210000 5 15 5 150 5 -5.816E-01 -3.790E-02 -1.373E-02 1.103E-01 3.660E-02 -5.995E-01 -2.786E-02 -1.007E-02 1.237E-01 4.068E-02 0 1 8 9 10
20210321:210000 5 15 5 173 5 -5.715E-01 -4.325E-02 -1.849E-02 1.051E-01 3.333E-02 -5.816E-01 -3.790E-02 -1.373E-02 1.103E-01 3.660E-02 0 1 8 9 10
20210322:210000 5 15 5 280 5 -5.505E-01 -5.453E-02 -3.282E-02 9.512E-02 2.171E-02 -5.715E-01 -4.325E-02 -1.849E-02 1.051E-01 3.333E-02 0 1 8 9 10
20210323:210000 5 15 5 240 5 -5.308E-01 -6.224E-02 -4.874E-02 8.926E-02 1.182E-02 -5.505E-01 -5.453E-02 -3.282E-02 9.512E-02 2.171E-02 0 1 8 9 10
20210324:210000 5 15 5 134 5 -5.240E-01 -6.701E-02 -5.234E-02 8.250E-02 1.059E-02 -5.308E-01 -6.224E-02 -4.874E-02 8.926E-02 1.182E-02 0 1 8 9 10
20210325:210000 5 15 5 178 5 -5.069E-01 -7.389E-02 -4.808E-02 7.706E-02 1.007E-02 -5.240E-01 -6.701E-02 -5.234E-02 8.250E-02 1.059E-02 0 1 8 9 10
20210326:210000 5 15 5 197 5 -5.501E-01 -3.450E-02 -1.707E-02 1.019E-01 3.323E-02 -5.069E-01 -7.389E-02 -4.808E-02 7.706E-02 1.007E-02 0 1 8 9 10
20210327:210000 5 15 5 264 5 -5.775E-01 -1.351E-02 -2.178E-02 8.450E-02 3.102E-02 -5.501E-01 -3.450E-02 -1.707E-02 1.019E-01 3.323E-02 0 1 8 9 10
20210328:210000 5 15 5 246 5 -5.940E-01 -4.707E-03 -1.291E-02 8.773E-02 4.315E-02 -5.775E-01 -1.351E-02 -2.178E-02 8.450E-02 3.102E-02 0 1 8 9 10
20210329:210000 5 15 5 124 5 -6.077E-01 -7.405E-04 -1.796E-02 9.838E-02 4.285E-02 -5.940E-01 -4.707E-03 -1.291E-02 8.773E-02 4.315E-02 0 1 8 9 10
20210330:210000 5 15 5 176 5 -6.271E-01 1.101E-02 -7.248E-03 1.106E-01 4.589E-02 -6.077E-01 -7.405E-04 -1.796E-02 9.838E-02 4.285E-02 0 1 8 9 10
20210331:210000 5 15 5 268 5 -5.943E-01 2.409E-03 -7.932E-03 1.002E-01 4.353E-02 -6.271E-01 1.101E-02 -7.248E-03 1.106E-01 4.589E-02 0 1 8 9 10
20210401:210000 5 15 5 275 5 -5.760E-01 -7.098E-03 -1.067E-02 8.881E-02 4.075E-02 -5.943E-01 2.409E-03 -7.932E-03 1.002E-01 4.353E-02 0 1 8 9 10
20210402:210000 5 15 5 235 5 -5.525E-01 -1.631E-02 -8.589E-03 8.583E-02 3.757E-02 -5.760E-01 -7.098E-03 -1.067E-02 8.881E-02 4.075E-02 0 1 8 9 10
20210403:210000 5 15 5 111 5 -5.427E-01 -1.962E-02 -9.023E-03 7.504E-02 3.596E-02 -5.525E-01 -1.631E-02 -8.589E-03 8.583E-02 3.757E-02 0 1 8 9 10
20210404:210000 5 15 5 209 5 -5.442E-01 -7.916E-03 -2.619E-02 8.260E-02 2.637E-02 -5.427E-01 -1.962E-02 -9.023E-03 7.504E-02 3.596E-02 0 1 8 9 10
20210405:210000 5 15 5 277 5 -5.501E-01 4.717E-03 -2.521E-02 8.748E-02 2.375E-02 -5.442E-01 -7.916E-03 -2.619E-02 8.260E-02 2.637E-02 0 1 8 9 10
20210406:210000 5 15 5 244 5 -5.592E-01 1.099E-02 -6.218E-03 8.774E-02 3.325E-02 -5.501E-01 4.717E-03 -2.521E-02 8.748E-02 2.375E-02 0 1 8 9 10
20210407:210000 5 15 5 231 5 -5.444E-01 2.215E-03 -1.991E-03 6.977E-02 3.525E-02 -5.592E-01 1.099E-02 -6.218E-03 8.774E-02 3.325E-02 0 1 8 9 10
20210408:210000 5 15 5 169 5 -5.456E-01 4.072E-03 -7.779E-03 6.716E-02 3.129E-02 -5.444E-01 2.215E-03 -1.991E-03 6.977E-02 3.525E-02 0 1 8 9 10
20210409:210000 5 15 5 220 5 -5.733E-01 1.484E-02 -5.257E-03 9.439E-02 3.186E-02 -5.456E-01 4.072E-03 -7.779E-03 6.716E-02 3.129E-02 0 1 8 9 10
20210410:210000 5 15 5 292 5 -6.095E-01 3.173E-02 -8.937E-03 1.272E-01 3.323E-02 -5.733E-01 1.484E-02 -5.257E-03 9.439E-02 3.186E-02 0 1 8 9 10
