20210314:090000 5 3 9 137 5 -2.873E-01 2.450E-01 -1.486E-01 -3.458E-02 -7.743E-02 -2.904E-01 2.490E-01 -1.449E-01 -3.222E-02 -7.533E-02 0 1 8 9 10
20210314:210000 5 3 9 253 5 -3.426E-01 1.435E-01 -9.180E-02 -3.191E-02 -3.884E-02 -3.409E-01 1.423E-01 -9.051E-02 -3.122E-02 -3.865E-02 0 1 8 9 10
20210315:090000 5 3 9 111 5 -2.880E-01 2.457E-01 -1.490E-01 -3.396E-02 -7.748E-02 -2.873E-01 2.450E-01 -1.486E-01 -3.458E-02 -7.743E-02 0 1 8 9 10
20210315:210000 5 3 9 92 5 -3.426E-01 1.438E-01 -9.246E-02 -3.254E-02 -3.932E-02 -3.426E-01 1.435E-01 -9.180E-02 -3.191E-02 -3.884E-02 0 1 8 9 10
20210316:090000 5 3 9 75 5 -2.884E-01 2.458E-01 -1.498E-01 -3.493E-02 -7.827E-02 -2.880E-01 2.457E-01 -1.490E-01 -3.396E-02 -7.748E-02 0 1 8 9 10
20210316:210000 5 3 9 155 5 -3.417E-01 1.435E-01 -9.480E-02 -3.366E-02 -4.060E-02 -3.426E-01 1.438E-01 -9.246E-02 -3.254E-02 -3.932E-02 0 1 8 9 10
20210317:090000 5 3 9 154 5 -2.884E-01 2.457E-01 -1.503E-01 -3.599E-02 -7.796E-02 -2.884E-01 2.458E-01 -1.498E-01 -3.493E-02 -7.827E-02 0 1 8 9 10
20210317:210000 5 3 9 221 5 -3.404E-01 1.423E-01 -9.509E-02 -3.505E-02 -4.035E-02 -3.417E-01 1.435E-01 -9.480E-02 -3.366E-02 -4.060E-02 0 1 8 9 10
20210318:090000 5 3 9 121 5 -2.885E-01 2.456E-01 -1.519E-01 -3.806E-02 -7.871E-02 -2.884E-01 2.457E-01 -1.503E-01 -3.599E-02 -7.796E-02 0 1 8 9 10
20210318:210000 5 3 9 241 5 -3.379E-01 1.397E-01 -9.692E-02 -3.746E-02 -4.132E-02 -3.404E-01 1.423E-01 -9.509E-02 -3.505E-02 -4.035E-02 0 1 8 9 10
20210319:090000 5 3 9 139 5 -2.873E-01 2.437E-01 -1.539E-01 -3.921E-02 -7.986E-02 -2.885E-01 2.456E-01 -1.519E-01 -3.806E-02 -7.871E-02 0 1 8 9 10
20210319:210000 5 3 9 190 5 -3.365E-01 1.386E-01 -9.740E-02 -3.864E-02 -4.146E-02 -3.379E-01 1.397E-01 -9.692E-02 -3.746E-02 -4.132E-02 0 1 8 9 10
20210320:090000 5 3 9 94 5 -2.886E-01 2.444E-01 -1.552E-01 -3.945E-02 -8.056E-02 -2.873E-01 2.437E-01 -1.539E-01 -3.921E-02 -7.986E-02 0 1 8 9 10
20210320:210000 5 3 9 92 5 -3.355E-01 1.381E-01 -9.756E-02 -3.929E-02 -4.164E-02 -3.365E-01 1.386E-01 -9.740E-02 -3.864E-02 -4.146E-02 0 1 8 9 10
20210321:090000 5 3 9 80 5 -2.891E-01 2.448E-01 -1.556E-01 -3.957E-02 -8.089E-02 -2.886E-01 2.444E-01 -1.552E-01 -3.945E-02 -8.056E-02 0 1 8 9 10
20210321:210000 5 3 9 114 5 -3.356E-01 1.384E-01 -9.950E-02 -3.942E-02 -4.287E-02 -3.355E-01 1.381E-01 -9.756E-02 -3.929E-02 -4.164E-02 0 1 8 9 10
20210322:090000 5 3 9 108 5 -2.901E-01 2.455E-01 -1.556E-01 -4.113E-02 -8.053E-02 -2.891E-01 2.448E-01 -1.556E-01 -3.957E-02 -8.089E-02 0 1 8 9 10
20210322:210000 5 3 9 153 5 -3.345E-01 1.378E-01 -9.895E-02 -3.963E-02 -4.250E-02 -3.356E-01 1.384E-01 -9.950E-02 -3.942E-02 -4.287E-02 0 1 8 9 10
20210323:090000 5 3 9 63 5 -2.901E-01 2.455E-01 -1.564E-01 -4.224E-02 -8.083E-02 -2.901E-01 2.455E-01 -1.556E-01 -4.113E-02 -8.053E-02 0 1 8 9 10
20210323:210000 5 3 9 131 5 -3.343E-01 1.376E-01 -9.834E-02 -4.042E-02 -4.214E-02 -3.345E-01 1.378E-01 -9.895E-02 -3.963E-02 -4.250E-02 0 1 8 9 10
20210324:090000 5 3 9 97 5 -2.888E-01 2.449E-01 -1.579E-01 -4.450E-02 -8.145E-02 -2.901E-01 2.455E-01 -1.564E-01 -4.224E-02 -8.083E-02 0 1 8 9 10
20210324:210000 5 3 9 110 5 -3.340E-01 1.376E-01 -9.837E-02 -4.079E-02 -4.218E-02 -3.343E-01 1.376E-01 -9.834E-02 -4.042E-02 -4.214E-02 0 1 8 9 10
20210325:090000 5 3 9 114 5 -2.893E-01 2.455E-01 -1.591E-01 -4.519E-02 -8.207E-02 -2.888E-01 2.449E-01 -1.579E-01 -4.450E-02 -8.145E-02 0 1 8 9 10
20210325:210000 5 3 9 132 5 -3.345E-01 1.380E-01 -9.937E-02 -4.081E-02 -4.265E-02 -3.340E-01 1.376E-01 -9.837E-02 -4.079E-02 -4.218E-02 0 1 8 9 10
20210326:090000 5 3 9 63 5 -2.906E-01 2.464E-01 -1.600E-01 -4.518E-02 -8.261E-02 -2.893E-01 2.455E-01 -1.591E-01 -4.519E-02 -8.207E-02 0 1 8 9 10
20210326:210000 5 3 9 191 5 -3.339E-01 1.374E-01 -1.003E-01 -4.165E-02 -4.327E-02 -3.345E-01 1.380E-01 -9.937E-02 -4.081E-02 -4.265E-02 0 1 8 9 10
20210327:090000 5 3 9 175 5 -2.900E-01 2.458E-01 -1.609E-01 -4.645E-02 -8.281E-02 -2.906E-01 2.464E-01 -1.600E-01 -4.518E-02 -8.261E-02 0 1 8 9 10
20210327:210000 5 3 9 180 5 -3.327E-01 1.363E-01 -1.004E-01 -4.211E-02 -4.349E-02 -3.339E-01 1.374E-01 -1.003E-01 -4.165E-02 -4.327E-02 0 1 8 9 10
20210328:090000 5 3 9 116 5 -2.905E-01 2.461E-01 -1.612E-01 -4.796E-02 -8.251E-02 -2.900E-01 2.458E-01 -1.609E-01 -4.645E-02 -8.281E-02 0 1 8 9 10
20210328:210000 5 3 9 259 5 -3.320E-01 1.360E-01 -1.014E-01 -4.345E-02 -4.392E-02 -3.327E-01 1.363E-01 -1.004E-01 -4.211E-02 -4.349E-02 0 1 8 9 10
20210329:090000 5 3 9 101 5 -2.920E-01 2.464E-01 -1.616E-01 -4.794E-02 -8.268E-02 -2.905E-01 2.461E-01 -1.612E-01 -4.796E-02 -8.251E-02 0 1 8 9 10
20210329:210000 5 3 9 81 5 -3.321E-01 1.360E-01 -1.015E-01 -4.353E-02 -4.398E-02 -3.320E-01 1.360E-01 -1.014E-01 -4.345E-02 -4.392E-02 0 1 8 9 10
20210330:090000 5 3 9 107 5 -2.926E-01 2.465E-01 -1.631E-01 -4.926E-02 -8.371E-02 -2.920E-01 2.464E-01 -1.616E-01 -4.794E-02 -8.268E-02 0 1 8 9 10
20210330:210000 5 3 9 137 5 -3.315E-01 1.358E-01 -1.017E-01 -4.399E-02 -4.405E-02 -3.321E-01 1.360E-01 -1.015E-01 -4.353E-02 -4.398E-02 0 1 8 9 10
20210331:090000 5 3 9 38 5 -2.936E-01 2.468E-01 -1.640E-01 -4.945E-02 -8.422E-02 -2.926E-01 2.465E-01 -1.631E-01 -4.926E-02 -8.371E-02 0 1 8 9 10
20210331:210000 5 3 9 195 5 -3.310E-01 1.356E-01 -1.015E-01 -4.472E-02 -4.379E-02 -3.315E-01 1.358E-01 -1.017E-01 -4.399E-02 -4.405E-02 0 1 8 9 10
20210401:090000 5 3 9 120 5 -2.949E-01 2.475E-01 -1.629E-01 -4.998E-02 -8.314E-02 -2.936E-01 2.468E-01 -1.640E-01 -4.945E-02 -8.422E-02 0 1 8 9 10
20210401:210000 5 3 9 122 5 -3.299E-01 1.353E-01 -1.030E-01 -4.494E-02 -4.442E-02 -3.310E-01 1.356E-01 -1.015E-01 -4.472E-02 -4.379E-02 0 1 8 9 10
20210402:090000 5 3 9 86 5 -2.950E-01 2.474E-01 -1.627E-01 -5.134E-02 -8.259E-02 -2.949E-01 2.475E-01 -1.629E-01 -4.998E-02 -8.314E-02 0 1 8 9 10
20210402:210000 5 3 9 237 5 -3.278E-01 1.336E-01 -1.049E-01 -4.655E-02 -4.510E-02 -3.299E-01 1.353E-01 -1.030E-01 -4.494E-02 -4.442E-02 0 1 8 9 10
20210403:090000 5 3 9 93 5 -2.938E-01 2.468E-01 -1.623E-01 -5.170E-02 -8.256E-02 -2.950E-01 2.474E-01 -1.627E-01 -5.134E-02 -8.259E-02 0 1 8 9 10
20210403:210000 5 3 9 79 5 -3.280E-01 1.337E-01 -1.055E-01 -4.676E-02 -4.534E-02 -3.278E-01 1.336E-01 -1.049E-01 -4.655E-02 -4.510E-02 0 1 8 9 10
20210404:090000 5 3 9 66 5 -2.931E-01 2.464E-01 -1.619E-01 -5.209E-02 -8.254E-02 -2.938E-01 2.468E-01 -1.623E-01 -5.170E-02 -8.256E-02 0 1 8 9 10
20210404:210000 5 3 9 177 5 -3.268E-01 1.330E-01 -1.059E-01 -4.744E-02 -4.549E-02 -3.280E-01 1.337E-01 -1.055E-01 -4.676E-02 -4.534E-02 0 1 8 9 10
20210405:090000 5 3 9 59 5 -2.921E-01 2.454E-01 -1.613E-01 -5.178E-02 -8.215E-02 -2.931E-01 2.464E-01 -1.619E-01 -5.209E-02 -8.254E-02 0 1 8 9 10
20210405:210000 5 3 9 267 5 -3.234E-01 1.290E-01 -1.078E-01 -4.910E-02 -4.654E-02 -3.268E-01 1.330E-01 -1.059E-01 -4.744E-02 -4.549E-02 0 1 8 9 10
20210406:090000 5 3 9 160 5 -2.884E-01 2.408E-01 -1.607E-01 -5.376E-02 -8.141E-02 -2.921E-01 2.454E-01 -1.613E-01 -5.178E-02 -8.215E-02 0 1 8 9 10
20210406:210000 5 3 9 221 5 -3.216E-01 1.266E-01 -1.111E-01 -5.027E-02 -4.839E-02 -3.234E-01 1.290E-01 -1.078E-01 -4.910E-02 -4.654E-02 0 1 8 9 10
20210407:090000 5 3 9 141 5 -2.858E-01 2.377E-01 -1.615E-01 -5.462E-02 -8.198E-02 -2.884E-01 2.408E-01 -1.607E-01 -5.376E-02 -8.141E-02 0 1 8 9 10
20210407:210000 5 3 9 247 5 -3.192E-01 1.232E-01 -1.124E-01 -5.281E-02 -4.899E-02 -3.216E-01 1.266E-01 -1.111E-01 -5.027E-02 -4.839E-02 0 1 8 9 10
20210408:090000 5 3 9 112 5 -2.839E-01 2.360E-01 -1.606E-01 -5.571E-02 -8.156E-02 -2.858E-01 2.377E-01 -1.615E-01 -5.462E-02 -8.198E-02 0 1 8 9 10
20210408:210000 5 3 9 92 5 -3.191E-01 1.231E-01 -1.117E-01 -5.277E-02 -4.882E-02 -3.192E-01 1.232E-01 -1.124E-01 -5.281E-02 -4.899E-02 0 1 8 9 10
20210409:090000 5 3 9 92 5 -2.825E-01 2.350E-01 -1.599E-01 -5.620E-02 -8.132E-02 -2.839E-01 2.360E-01 -1.606E-01 -5.571E-02 -8.156E-02 0 1 8 9 10
20210409:210000 5 3 9 146 5 -3.187E-01 1.225E-01 -1.112E-01 -5.317E-02 -4.840E-02 -3.191E-01 1.231E-01 -1.117E-01 -5.277E-02 -4.882E-02 0 1 8 9 10
20210410:090000 5 3 9 117 5 -2.805E-01 2.329E-01 -1.603E-01 -5.881E-02 -8.178E-02 -2.825E-01 2.350E-01 -1.599E-01 -5.620E-02 -8.132E-02 0 1 8 9 10
20210410:210000 5 3 9 194 5 -3.185E-01 1.219E-01 -1.122E-01 -5.372E-02 -4.892E-02 -3.187E-01 1.225E-01 -1.112E-01 -5.317E-02 -4.840E-02 0 1 8 9 10
