20210314:060000 223 3 6 73 5 -2.633E-01 -2.665E-03 -2.315E-02 -9.872E-02 -5.203E-02 -2.625E-01 -3.547E-03 -2.374E-02 -9.816E-02 -5.239E-02 0 1 8 9 10
20210314:180000 223 3 6 116 5 -3.113E-01 -5.401E-02 2.302E-02 -9.366E-02 -1.047E-01 -3.103E-01 -5.497E-02 2.209E-02 -9.401E-02 -1.053E-01 0 1 8 9 10
20210315:060000 223 3 6 64 5 -2.636E-01 -2.598E-03 -2.366E-02 -9.909E-02 -5.248E-02 -2.633E-01 -2.665E-03 -2.315E-02 -9.872E-02 -5.203E-02 0 1 8 9 10
20210315:180000 223 3 6 105 5 -3.115E-01 -5.369E-02 2.325E-02 -9.361E-02 -1.049E-01 -3.113E-01 -5.401E-02 2.302E-02 -9.366E-02 -1.047E-01 0 1 8 9 10
20210316:060000 223 3 6 54 5 -2.634E-01 -2.879E-03 -2.388E-02 -9.930E-02 -5.269E-02 -2.636E-01 -2.598E-03 -2.366E-02 -9.909E-02 -5.248E-02 0 1 8 9 10
20210316:180000 223 3 6 111 5 -3.118E-01 -5.345E-02 2.154E-02 -9.382E-02 -1.063E-01 -3.115E-01 -5.369E-02 2.325E-02 -9.361E-02 -1.049E-01 0 1 8 9 10
20210317:060000 223 3 6 45 5 -2.642E-01 -2.038E-03 -2.431E-02 -9.937E-02 -5.300E-02 -2.634E-01 -2.879E-03 -2.388E-02 -9.930E-02 -5.269E-02 0 1 8 9 10
20210317:180000 223 3 6 97 5 -3.117E-01 -5.353E-02 2.121E-02 -9.409E-02 -1.065E-01 -3.118E-01 -5.345E-02 2.154E-02 -9.382E-02 -1.063E-01 0 1 8 9 10
20210318:060000 223 3 6 28 5 -2.641E-01 -2.231E-03 -2.437E-02 -9.962E-02 -5.308E-02 -2.642E-01 -2.038E-03 -2.431E-02 -9.937E-02 -5.300E-02 0 1 8 9 10
20210318:180000 223 3 6 67 5 -3.111E-01 -5.364E-02 2.107E-02 -9.437E-02 -1.066E-01 -3.117E-01 -5.353E-02 2.121E-02 -9.409E-02 -1.065E-01 0 1 8 9 10
20210319:060000 223 3 6 13 5 -2.642E-01 -2.234E-03 -2.458E-02 -9.990E-02 -5.327E-02 -2.641E-01 -2.231E-03 -2.437E-02 -9.962E-02 -5.308E-02 0 1 8 9 10
20210319:180000 223 3 6 88 5 -3.109E-01 -5.363E-02 2.117E-02 -9.502E-02 -1.066E-01 -3.111E-01 -5.364E-02 2.107E-02 -9.437E-02 -1.066E-01 0 1 8 9 10
20210320:060000 223 3 6 15 5 -2.647E-01 -1.758E-03 -2.491E-02 -9.982E-02 -5.340E-02 -2.642E-01 -2.234E-03 -2.458E-02 -9.990E-02 -5.327E-02 0 1 8 9 10
20210320:180000 223 3 6 77 5 -3.110E-01 -5.359E-02 2.136E-02 -9.637E-02 -1.063E-01 -3.109E-01 -5.363E-02 2.117E-02 -9.502E-02 -1.066E-01 0 1 8 9 10
20210321:060000 223 3 6 65 5 -2.654E-01 -1.174E-03 -2.457E-02 -9.948E-02 -5.326E-02 -2.647E-01 -1.758E-03 -2.491E-02 -9.982E-02 -5.340E-02 0 1 8 9 10
20210321:180000 223 3 6 98 5 -3.116E-01 -5.340E-02 2.165E-02 -9.696E-02 -1.062E-01 -3.110E-01 -5.359E-02 2.136E-02 -9.637E-02 -1.063E-01 0 1 8 9 10
20210322:060000 223 3 6 92 5 -2.658E-01 -9.039E-04 -2.392E-02 -9.939E-02 -5.300E-02 -2.654E-01 -1.174E-03 -2.457E-02 -9.948E-02 -5.326E-02 0 1 8 9 10
20210322:180000 223 3 6 147 5 -3.120E-01 -5.316E-02 2.254E-02 -9.663E-02 -1.060E-01 -3.116E-01 -5.340E-02 2.165E-02 -9.696E-02 -1.062E-01 0 1 8 9 10
20210323:060000 223 3 6 121 5 -2.666E-01 -4.673E-04 -2.369E-02 -9.973E-02 -5.280E-02 -2.658E-01 -9.039E-04 -2.392E-02 -9.939E-02 -5.300E-02 0 1 8 9 10
20210323:180000 223 3 6 144 5 -3.140E-01 -5.203E-02 2.308E-02 -9.680E-02 -1.056E-01 -3.120E-01 -5.316E-02 2.254E-02 -9.663E-02 -1.060E-01 0 1 8 9 10
20210324:060000 223 3 6 86 5 -2.682E-01 7.970E-04 -2.494E-02 -1.001E-01 -5.378E-02 -2.666E-01 -4.673E-04 -2.369E-02 -9.973E-02 -5.280E-02 0 1 8 9 10
20210324:180000 223 3 6 117 5 -3.155E-01 -5.079E-02 2.233E-02 -9.600E-02 -1.061E-01 -3.140E-01 -5.203E-02 2.308E-02 -9.680E-02 -1.056E-01 0 1 8 9 10
20210325:060000 223 3 6 60 5 -2.697E-01 2.088E-03 -2.524E-02 -1.003E-01 -5.424E-02 -2.682E-01 7.970E-04 -2.494E-02 -1.001E-01 -5.378E-02 0 1 8 9 10
20210325:180000 223 3 6 110 5 -3.162E-01 -5.011E-02 2.182E-02 -9.619E-02 -1.066E-01 -3.155E-01 -5.079E-02 2.233E-02 -9.600E-02 -1.061E-01 0 1 8 9 10
20210326:060000 223 3 6 34 5 -2.702E-01 2.416E-03 -2.512E-02 -1.001E-01 -5.426E-02 -2.697E-01 2.088E-03 -2.524E-02 -1.003E-01 -5.424E-02 0 1 8 9 10
20210326:180000 223 3 6 94 5 -3.179E-01 -4.877E-02 2.212E-02 -9.567E-02 -1.063E-01 -3.162E-01 -5.011E-02 2.182E-02 -9.619E-02 -1.066E-01 0 1 8 9 10
20210327:060000 223 3 6 27 5 -2.700E-01 2.329E-03 -2.530E-02 -1.005E-01 -5.445E-02 -2.702E-01 2.416E-03 -2.512E-02 -1.001E-01 -5.426E-02 0 1 8 9 10
20210327:180000 223 3 6 118 5 -3.193E-01 -4.774E-02 2.205E-02 -9.532E-02 -1.063E-01 -3.179E-01 -4.877E-02 2.212E-02 -9.567E-02 -1.063E-01 0 1 8 9 10
20210328:060000 223 3 6 14 5 -2.702E-01 2.560E-03 -2.537E-02 -1.003E-01 -5.440E-02 -2.700E-01 2.329E-03 -2.530E-02 -1.005E-01 -5.445E-02 0 1 8 9 10
20210328:180000 223 3 6 83 5 -3.211E-01 -4.716E-02 2.262E-02 -9.453E-02 -1.059E-01 -3.193E-01 -4.774E-02 2.205E-02 -9.532E-02 -1.063E-01 0 1 8 9 10
20210329:060000 223 3 6 7 5 -2.705E-01 2.651E-03 -2.562E-02 -1.004E-01 -5.457E-02 -2.702E-01 2.560E-03 -2.537E-02 -1.003E-01 -5.440E-02 0 1 8 9 10
20210329:180000 223 3 6 103 5 -3.218E-01 -4.704E-02 2.316E-02 -9.444E-02 -1.056E-01 -3.211E-01 -4.716E-02 2.262E-02 -9.453E-02 -1.059E-01 0 1 8 9 10
20210330:060000 223 3 6 115 5 -2.720E-01 3.037E-03 -2.528E-02 -9.971E-02 -5.449E-02 -2.705E-01 2.651E-03 -2.562E-02 -1.004E-01 -5.457E-02 0 1 8 9 10
20210330:180000 223 3 6 166 5 -3.216E-01 -4.695E-02 2.263E-02 -9.553E-02 -1.060E-01 -3.218E-01 -4.704E-02 2.316E-02 -9.444E-02 -1.056E-01 0 1 8 9 10
20210331:060000 223 3 6 132 5 -2.737E-01 3.641E-03 -2.549E-02 -1.002E-01 -5.453E-02 -2.720E-01 3.037E-03 -2.528E-02 -9.971E-02 -5.449E-02 0 1 8 9 10
20210331:180000 223 3 6 164 5 -3.223E-01 -4.678E-02 2.351E-02 -9.640E-02 -1.057E-01 -3.216E-01 -4.695E-02 2.263E-02 -9.553E-02 -1.060E-01 0 1 8 9 10
20210401:060000 223 3 6 98 5 -2.756E-01 4.507E-03 -2.619E-02 -1.006E-01 -5.504E-02 -2.737E-01 3.641E-03 -2.549E-02 -1.002E-01 -5.453E-02 0 1 8 9 10
20210401:180000 223 3 6 182 5 -3.235E-01 -4.606E-02 2.514E-02 -9.689E-02 -1.048E-01 -3.223E-01 -4.678E-02 2.351E-02 -9.640E-02 -1.057E-01 0 1 8 9 10
20210402:060000 223 3 6 68 5 -2.776E-01 5.489E-03 -2.638E-02 -1.006E-01 -5.527E-02 -2.756E-01 4.507E-03 -2.619E-02 -1.006E-01 -5.504E-02 0 1 8 9 10
20210402:180000 223 3 6 144 5 -3.209E-01 -4.755E-02 2.377E-02 -9.955E-02 -1.062E-01 -3.235E-01 -4.606E-02 2.514E-02 -9.689E-02 -1.048E-01 0 1 8 9 10
20210403:060000 223 3 6 40 5 -2.783E-01 5.911E-03 -2.628E-02 -1.005E-01 -5.525E-02 -2.776E-01 5.489E-03 -2.638E-02 -1.006E-01 -5.527E-02 0 1 8 9 10
20210403:180000 223 3 6 92 5 -3.205E-01 -4.769E-02 2.366E-02 -1.001E-01 -1.064E-01 -3.209E-01 -4.755E-02 2.377E-02 -9.955E-02 -1.062E-01 0 1 8 9 10
20210404:060000 223 3 6 24 5 -2.785E-01 5.997E-03 -2.645E-02 -1.005E-01 -5.529E-02 -2.783E-01 5.911E-03 -2.628E-02 -1.005E-01 -5.525E-02 0 1 8 9 10
20210404:180000 223 3 6 98 5 -3.221E-01 -4.716E-02 2.416E-02 -1.001E-01 -1.061E-01 -3.205E-01 -4.769E-02 2.366E-02 -1.001E-01 -1.064E-01 0 1 8 9 10
20210405:060000 223 3 6 13 5 -2.788E-01 6.153E-03 -2.681E-02 -1.007E-01 -5.563E-02 -2.785E-01 5.997E-03 -2.645E-02 -1.005E-01 -5.529E-02 0 1 8 9 10
20210405:180000 223 3 6 53 5 -3.237E-01 -4.634E-02 2.525E-02 -1.001E-01 -1.052E-01 -3.221E-01 -4.716E-02 2.416E-02 -1.001E-01 -1.061E-01 0 1 8 9 10
20210406:060000 223 3 6 8 5 -2.788E-01 6.084E-03 -2.678E-02 -1.007E-01 -5.563E-02 -2.788E-01 6.153E-03 -2.681E-02 -1.007E-01 -5.563E-02 0 1 8 9 10
20210406:180000 223 3 6 38 5 -3.241E-01 -4.593E-02 2.559E-02 -9.993E-02 -1.050E-01 -3.237E-01 -4.634E-02 2.525E-02 -1.001E-01 -1.052E-01 0 1 8 9 10
20210407:060000 223 3 6 24 5 -2.790E-01 6.344E-03 -2.697E-02 -1.008E-01 -5.577E-02 -2.788E-01 6.084E-03 -2.678E-02 -1.007E-01 -5.563E-02 0 1 8 9 10
20210407:180000 223 3 6 97 5 -3.255E-01 -4.455E-02 2.678E-02 -9.985E-02 -1.042E-01 -3.241E-01 -4.593E-02 2.559E-02 -9.993E-02 -1.050E-01 0 1 8 9 10
20210408:060000 223 3 6 71 5 -2.797E-01 6.723E-03 -2.761E-02 -1.004E-01 -5.617E-02 -2.790E-01 6.344E-03 -2.697E-02 -1.008E-01 -5.577E-02 0 1 8 9 10
20210408:180000 223 3 6 105 5 -3.283E-01 -4.224E-02 2.649E-02 -9.991E-02 -1.046E-01 -3.255E-01 -4.455E-02 2.678E-02 -9.985E-02 -1.042E-01 0 1 8 9 10
20210409:060000 223 3 6 61 5 -2.812E-01 8.138E-03 -2.819E-02 -9.990E-02 -5.619E-02 -2.797E-01 6.723E-03 -2.761E-02 -1.004E-01 -5.617E-02 0 1 8 9 10
20210409:180000 223 3 6 134 5 -3.308E-01 -3.988E-02 2.661E-02 -9.936E-02 -1.044E-01 -3.283E-01 -4.224E-02 2.649E-02 -9.991E-02 -1.046E-01 0 1 8 9 10
20210410:060000 223 3 6 72 5 -2.837E-01 1.096E-02 -2.862E-02 -9.933E-02 -5.634E-02 -2.812E-01 8.138E-03 -2.819E-02 -9.990E-02 -5.619E-02 0 1 8 9 10
20210410:180000 223 3 6 155 5 -3.328E-01 -3.809E-02 2.688E-02 -9.976E-02 -1.040E-01 -3.308E-01 -3.988E-02 2.661E-02 -9.936E-02 -1.044E-01 0 1 8 9 10
