20210314:090000 5 3 8 137 5 -9.349E-02 8.220E-02 -1.060E-01 -3.103E-02 -1.130E-01 -8.966E-02 7.740E-02 -1.062E-01 -3.357E-02 -1.128E-01 0 1 8 9 10
20210314:210000 5 3 8 253 5 -1.979E-01 7.025E-03 -6.488E-03 2.849E-02 -1.403E-01 -1.971E-01 5.978E-03 -6.340E-03 3.165E-02 -1.392E-01 0 1 8 9 10
20210315:090000 5 3 8 111 5 -9.201E-02 8.065E-02 -1.064E-01 -3.266E-02 -1.134E-01 -9.349E-02 8.220E-02 -1.060E-01 -3.103E-02 -1.130E-01 0 1 8 9 10
20210315:210000 5 3 8 92 5 -1.989E-01 8.057E-03 -7.108E-03 2.705E-02 -1.415E-01 -1.979E-01 7.025E-03 -6.488E-03 2.849E-02 -1.403E-01 0 1 8 9 10
20210316:090000 5 3 8 75 5 -9.090E-02 7.912E-02 -1.066E-01 -3.441E-02 -1.141E-01 -9.201E-02 8.065E-02 -1.064E-01 -3.266E-02 -1.134E-01 0 1 8 9 10
20210316:210000 5 3 8 155 5 -1.997E-01 9.375E-03 -8.420E-03 2.459E-02 -1.434E-01 -1.989E-01 8.057E-03 -7.108E-03 2.705E-02 -1.415E-01 0 1 8 9 10
20210317:090000 5 3 8 154 5 -9.160E-02 8.064E-02 -1.069E-01 -3.595E-02 -1.150E-01 -9.090E-02 7.912E-02 -1.066E-01 -3.441E-02 -1.141E-01 0 1 8 9 10
20210317:210000 5 3 8 221 5 -1.966E-01 7.315E-03 -1.098E-02 2.376E-02 -1.466E-01 -1.997E-01 9.375E-03 -8.420E-03 2.459E-02 -1.434E-01 0 1 8 9 10
20210318:090000 5 3 8 121 5 -9.080E-02 8.034E-02 -1.068E-01 -3.717E-02 -1.153E-01 -9.160E-02 8.064E-02 -1.069E-01 -3.595E-02 -1.150E-01 0 1 8 9 10
20210318:210000 5 3 8 241 5 -1.958E-01 6.428E-03 -1.271E-02 2.211E-02 -1.488E-01 -1.966E-01 7.315E-03 -1.098E-02 2.376E-02 -1.466E-01 0 1 8 9 10
20210319:090000 5 3 8 139 5 -9.331E-02 8.268E-02 -1.068E-01 -3.569E-02 -1.156E-01 -9.080E-02 8.034E-02 -1.068E-01 -3.717E-02 -1.153E-01 0 1 8 9 10
20210319:210000 5 3 8 190 5 -1.956E-01 5.611E-03 -1.522E-02 2.074E-02 -1.514E-01 -1.958E-01 6.428E-03 -1.271E-02 2.211E-02 -1.488E-01 0 1 8 9 10
20210320:090000 5 3 8 94 5 -9.280E-02 8.239E-02 -1.062E-01 -3.595E-02 -1.155E-01 -9.331E-02 8.268E-02 -1.068E-01 -3.569E-02 -1.156E-01 0 1 8 9 10
20210320:210000 5 3 8 92 5 -1.982E-01 7.317E-03 -1.561E-02 2.018E-02 -1.522E-01 -1.956E-01 5.611E-03 -1.522E-02 2.074E-02 -1.514E-01 0 1 8 9 10
20210321:090000 5 3 8 80 5 -9.268E-02 8.237E-02 -1.062E-01 -3.611E-02 -1.156E-01 -9.280E-02 8.239E-02 -1.062E-01 -3.595E-02 -1.155E-01 0 1 8 9 10
20210321:210000 5 3 8 114 5 -1.983E-01 7.812E-03 -1.802E-02 2.027E-02 -1.550E-01 -1.982E-01 7.317E-03 -1.561E-02 2.018E-02 -1.522E-01 0 1 8 9 10
20210322:090000 5 3 8 108 5 -9.286E-02 8.227E-02 -1.070E-01 -3.579E-02 -1.167E-01 -9.268E-02 8.237E-02 -1.062E-01 -3.611E-02 -1.156E-01 0 1 8 9 10
20210322:210000 5 3 8 153 5 -1.973E-01 7.581E-03 -2.033E-02 2.023E-02 -1.572E-01 -1.983E-01 7.812E-03 -1.802E-02 2.027E-02 -1.550E-01 0 1 8 9 10
20210323:090000 5 3 8 63 5 -9.166E-02 8.147E-02 -1.077E-01 -3.504E-02 -1.178E-01 -9.286E-02 8.227E-02 -1.070E-01 -3.579E-02 -1.167E-01 0 1 8 9 10
20210323:210000 5 3 8 131 5 -1.965E-01 7.417E-03 -1.768E-02 2.068E-02 -1.561E-01 -1.973E-01 7.581E-03 -2.033E-02 2.023E-02 -1.572E-01 0 1 8 9 10
20210324:090000 5 3 8 97 5 -9.288E-02 8.202E-02 -1.072E-01 -3.508E-02 -1.179E-01 -9.166E-02 8.147E-02 -1.077E-01 -3.504E-02 -1.178E-01 0 1 8 9 10
20210324:210000 5 3 8 110 5 -1.955E-01 6.848E-03 -1.680E-02 2.038E-02 -1.560E-01 -1.965E-01 7.417E-03 -1.768E-02 2.068E-02 -1.561E-01 0 1 8 9 10
20210325:090000 5 3 8 114 5 -9.286E-02 8.193E-02 -1.077E-01 -3.627E-02 -1.187E-01 -9.288E-02 8.202E-02 -1.072E-01 -3.508E-02 -1.179E-01 0 1 8 9 10
20210325:210000 5 3 8 132 5 -1.959E-01 7.280E-03 -1.690E-02 1.876E-02 -1.567E-01 -1.955E-01 6.848E-03 -1.680E-02 2.038E-02 -1.560E-01 0 1 8 9 10
20210326:090000 5 3 8 63 5 -9.089E-02 8.053E-02 -1.066E-01 -3.714E-02 -1.185E-01 -9.286E-02 8.193E-02 -1.077E-01 -3.627E-02 -1.187E-01 0 1 8 9 10
20210326:210000 5 3 8 191 5 -1.963E-01 7.808E-03 -1.451E-02 1.831E-02 -1.563E-01 -1.959E-01 7.280E-03 -1.690E-02 1.876E-02 -1.567E-01 0 1 8 9 10
20210327:090000 5 3 8 175 5 -9.254E-02 8.242E-02 -1.085E-01 -3.429E-02 -1.209E-01 -9.089E-02 8.053E-02 -1.066E-01 -3.714E-02 -1.185E-01 0 1 8 9 10
20210327:210000 5 3 8 180 5 -1.912E-01 3.899E-03 -1.854E-02 1.563E-02 -1.608E-01 -1.963E-01 7.808E-03 -1.451E-02 1.831E-02 -1.563E-01 0 1 8 9 10
20210328:090000 5 3 8 116 5 -9.437E-02 8.320E-02 -1.096E-01 -3.445E-02 -1.220E-01 -9.254E-02 8.242E-02 -1.085E-01 -3.429E-02 -1.209E-01 0 1 8 9 10
20210328:210000 5 3 8 259 5 -1.847E-01 7.301E-04 -2.201E-02 1.280E-02 -1.644E-01 -1.912E-01 3.899E-03 -1.854E-02 1.563E-02 -1.608E-01 0 1 8 9 10
20210329:090000 5 3 8 101 5 -9.656E-02 8.388E-02 -1.076E-01 -3.309E-02 -1.211E-01 -9.437E-02 8.320E-02 -1.096E-01 -3.445E-02 -1.220E-01 0 1 8 9 10
20210329:210000 5 3 8 81 5 -1.851E-01 8.393E-04 -2.181E-02 1.270E-02 -1.646E-01 -1.847E-01 7.301E-04 -2.201E-02 1.280E-02 -1.644E-01 0 1 8 9 10
20210330:090000 5 3 8 107 5 -9.433E-02 8.350E-02 -1.068E-01 -3.401E-02 -1.208E-01 -9.656E-02 8.388E-02 -1.076E-01 -3.309E-02 -1.211E-01 0 1 8 9 10
20210330:210000 5 3 8 137 5 -1.871E-01 1.591E-03 -1.985E-02 1.319E-02 -1.640E-01 -1.851E-01 8.393E-04 -2.181E-02 1.270E-02 -1.646E-01 0 1 8 9 10
20210331:090000 5 3 8 38 5 -9.322E-02 8.331E-02 -1.062E-01 -3.459E-02 -1.208E-01 -9.433E-02 8.350E-02 -1.068E-01 -3.401E-02 -1.208E-01 0 1 8 9 10
20210331:210000 5 3 8 195 5 -1.862E-01 1.539E-03 -1.877E-02 1.401E-02 -1.641E-01 -1.871E-01 1.591E-03 -1.985E-02 1.319E-02 -1.640E-01 0 1 8 9 10
20210401:090000 5 3 8 120 5 -9.363E-02 8.355E-02 -1.067E-01 -3.452E-02 -1.219E-01 -9.322E-02 8.331E-02 -1.062E-01 -3.459E-02 -1.208E-01 0 1 8 9 10
20210401:210000 5 3 8 122 5 -1.863E-01 1.826E-03 -2.148E-02 1.444E-02 -1.667E-01 -1.862E-01 1.539E-03 -1.877E-02 1.401E-02 -1.641E-01 0 1 8 9 10
20210402:090000 5 3 8 86 5 -9.043E-02 8.223E-02 -1.088E-01 -3.464E-02 -1.244E-01 -9.363E-02 8.355E-02 -1.067E-01 -3.452E-02 -1.219E-01 0 1 8 9 10
20210402:210000 5 3 8 237 5 -1.869E-01 1.924E-03 -2.256E-02 1.470E-02 -1.679E-01 -1.863E-01 1.826E-03 -2.148E-02 1.444E-02 -1.667E-01 0 1 8 9 10
20210403:090000 5 3 8 93 5 -9.186E-02 8.416E-02 -1.062E-01 -3.454E-02 -1.233E-01 -9.043E-02 8.223E-02 -1.088E-01 -3.464E-02 -1.244E-01 0 1 8 9 10
20210403:210000 5 3 8 79 5 -1.876E-01 2.231E-03 -2.261E-02 1.427E-02 -1.683E-01 -1.869E-01 1.924E-03 -2.256E-02 1.470E-02 -1.679E-01 0 1 8 9 10
20210404:090000 5 3 8 66 5 -9.038E-02 8.330E-02 -1.057E-01 -3.575E-02 -1.236E-01 -9.186E-02 8.416E-02 -1.062E-01 -3.454E-02 -1.233E-01 0 1 8 9 10
20210404:210000 5 3 8 177 5 -1.907E-01 3.766E-03 -2.087E-02 1.436E-02 -1.676E-01 -1.876E-01 2.231E-03 -2.261E-02 1.427E-02 -1.683E-01 0 1 8 9 10
20210405:090000 5 3 8 59 5 -9.284E-02 8.657E-02 -1.075E-01 -3.739E-02 -1.252E-01 -9.038E-02 8.330E-02 -1.057E-01 -3.575E-02 -1.236E-01 0 1 8 9 10
20210405:210000 5 3 8 267 5 -1.924E-01 6.420E-03 -2.262E-02 1.413E-02 -1.698E-01 -1.907E-01 3.766E-03 -2.087E-02 1.436E-02 -1.676E-01 0 1 8 9 10
20210406:090000 5 3 8 160 5 -9.572E-02 9.077E-02 -1.093E-01 -3.941E-02 -1.270E-01 -9.284E-02 8.657E-02 -1.075E-01 -3.739E-02 -1.252E-01 0 1 8 9 10
20210406:210000 5 3 8 221 5 -1.907E-01 2.964E-03 -2.227E-02 1.272E-02 -1.710E-01 -1.924E-01 6.420E-03 -2.262E-02 1.413E-02 -1.698E-01 0 1 8 9 10
20210407:090000 5 3 8 141 5 -9.662E-02 9.224E-02 -1.081E-01 -3.950E-02 -1.266E-01 -9.572E-02 9.077E-02 -1.093E-01 -3.941E-02 -1.270E-01 0 1 8 9 10
20210407:210000 5 3 8 247 5 -1.889E-01 9.987E-04 -2.464E-02 1.192E-02 -1.741E-01 -1.907E-01 2.964E-03 -2.227E-02 1.272E-02 -1.710E-01 0 1 8 9 10
20210408:090000 5 3 8 112 5 -9.763E-02 9.378E-02 -1.066E-01 -4.016E-02 -1.264E-01 -9.662E-02 9.224E-02 -1.081E-01 -3.950E-02 -1.266E-01 0 1 8 9 10
20210408:210000 5 3 8 92 5 -1.892E-01 9.843E-04 -2.441E-02 1.155E-02 -1.745E-01 -1.889E-01 9.987E-04 -2.464E-02 1.192E-02 -1.741E-01 0 1 8 9 10
20210409:090000 5 3 8 92 5 -9.468E-02 9.184E-02 -1.051E-01 -4.146E-02 -1.260E-01 -9.763E-02 9.378E-02 -1.066E-01 -4.016E-02 -1.264E-01 0 1 8 9 10
20210409:210000 5 3 8 146 5 -1.910E-01 2.243E-03 -2.255E-02 1.255E-02 -1.735E-01 -1.892E-01 9.843E-04 -2.441E-02 1.155E-02 -1.745E-01 0 1 8 9 10
20210410:090000 5 3 8 117 5 -9.039E-02 8.825E-02 -1.060E-01 -4.270E-02 -1.279E-01 -9.468E-02 9.184E-02 -1.051E-01 -4.146E-02 -1.260E-01 0 1 8 9 10
20210410:210000 5 3 8 194 5 -1.891E-01 1.602E-03 -2.131E-02 1.118E-02 -1.739E-01 -1.910E-01 2.243E-03 -2.255E-02 1.255E-02 -1.735E-01 0 1 8 9 10
