20210314:210000 3 15 4 220 5 -1.976E-01 1.330E-01 4.588E-02 4.228E-03 -3.574E-02 -1.912E-01 1.269E-01 4.453E-02 1.698E-03 -3.802E-02 0 1 8 9 10
20210315:210000 3 15 4 314 5 -2.101E-01 1.450E-01 4.240E-02 7.792E-03 -3.642E-02 -1.976E-01 1.330E-01 4.588E-02 4.228E-03 -3.574E-02 0 1 8 9 10
20210316:210000 3 15 4 248 5 -2.093E-01 1.461E-01 3.409E-02 1.253E-02 -4.232E-02 -2.101E-01 1.450E-01 4.240E-02 7.792E-03 -3.642E-02 0 1 8 9 10
20210317:210000 3 15 4 115 5 -2.072E-01 1.441E-01 3.224E-02 9.981E-03 -4.367E-02 -2.093E-01 1.461E-01 3.409E-02 1.253E-02 -4.232E-02 0 1 8 9 10
20210318:210000 3 15 4 198 5 -2.102E-01 1.432E-01 3.780E-02 6.850E-03 -4.027E-02 -2.072E-01 1.441E-01 3.224E-02 9.981E-03 -4.367E-02 0 1 8 9 10
20210319:210000 3 15 4 234 5 -2.092E-01 1.435E-01 3.777E-02 1.059E-02 -4.119E-02 -2.102E-01 1.432E-01 3.780E-02 6.850E-03 -4.027E-02 0 1 8 9 10
20210320:210000 3 15 4 293 5 -2.038E-01 1.392E-01 3.291E-02 1.223E-03 -4.509E-02 -2.092E-01 1.435E-01 3.777E-02 1.059E-02 -4.119E-02 0 1 8 9 10
20210321:210000 3 15 4 270 5 -2.083E-01 1.404E-01 3.975E-02 6.215E-03 -3.998E-02 -2.038E-01 1.392E-01 3.291E-02 1.223E-03 -4.509E-02 0 1 8 9 10
20210322:210000 3 15 4 149 5 -2.128E-01 1.421E-01 4.245E-02 9.552E-03 -3.798E-02 -2.083E-01 1.404E-01 3.975E-02 6.215E-03 -3.998E-02 0 1 8 9 10
20210323:210000 3 15 4 208 5 -2.094E-01 1.384E-01 3.990E-02 1.121E-02 -4.018E-02 -2.128E-01 1.421E-01 4.245E-02 9.552E-03 -3.798E-02 0 1 8 9 10
20210324:210000 3 15 4 342 5 -2.119E-01 1.380E-01 3.441E-02 1.207E-02 -4.327E-02 -2.094E-01 1.384E-01 3.990E-02 1.121E-02 -4.018E-02 0 1 8 9 10
20210325:210000 3 15 4 307 5 -2.150E-01 1.391E-01 3.571E-02 8.498E-03 -4.288E-02 -2.119E-01 1.380E-01 3.441E-02 1.207E-02 -4.327E-02 0 1 8 9 10
20210326:210000 3 15 4 289 5 -2.044E-01 1.293E-01 3.102E-02 1.926E-02 -4.634E-02 -2.150E-01 1.391E-01 3.571E-02 8.498E-03 -4.288E-02 0 1 8 9 10
20210327:210000 3 15 4 194 5 -2.048E-01 1.277E-01 2.493E-02 1.314E-02 -5.013E-02 -2.044E-01 1.293E-01 3.102E-02 1.926E-02 -4.634E-02 0 1 8 9 10
20210328:210000 3 15 4 211 5 -2.151E-01 1.304E-01 3.138E-02 2.076E-02 -4.558E-02 -2.048E-01 1.277E-01 2.493E-02 1.314E-02 -5.013E-02 0 1 8 9 10
20210329:210000 3 15 4 343 5 -2.390E-01 1.349E-01 3.865E-02 2.968E-02 -3.805E-02 -2.151E-01 1.304E-01 3.138E-02 2.076E-02 -4.558E-02 0 1 8 9 10
20210330:210000 3 15 4 290 5 -2.379E-01 1.329E-01 4.021E-02 2.585E-02 -3.778E-02 -2.390E-01 1.349E-01 3.865E-02 2.968E-02 -3.805E-02 0 1 8 9 10
20210331:210000 3 15 4 184 5 -2.346E-01 1.319E-01 3.719E-02 2.326E-02 -3.898E-02 -2.379E-01 1.329E-01 4.021E-02 2.585E-02 -3.778E-02 0 1 8 9 10
20210401:210000 3 15 4 165 5 -2.329E-01 1.326E-01 3.021E-02 2.471E-02 -4.442E-02 -2.346E-01 1.319E-01 3.719E-02 2.326E-02 -3.898E-02 0 1 8 9 10
20210402:210000 3 15 4 198 5 -2.246E-01 1.282E-01 3.119E-02 2.050E-02 -4.200E-02 -2.329E-01 1.326E-01 3.021E-02 2.471E-02 -4.442E-02 0 1 8 9 10
20210403:210000 3 15 4 289 5 -2.274E-01 1.301E-01 2.450E-02 2.496E-02 -4.441E-02 -2.246E-01 1.282E-01 3.119E-02 2.050E-02 -4.200E-02 0 1 8 9 10
20210404:210000 3 15 4 237 5 -2.277E-01 1.293E-01 2.606E-02 1.718E-02 -4.264E-02 -2.274E-01 1.301E-01 2.450E-02 2.496E-02 -4.441E-02 0 1 8 9 10
20210405:210000 3 15 4 120 5 -2.237E-01 1.266E-01 2.530E-02 1.447E-02 -4.269E-02 -2.277E-01 1.293E-01 2.606E-02 1.718E-02 -4.264E-02 0 1 8 9 10
20210406:210000 3 15 4 179 5 -2.184E-01 1.232E-01 1.985E-02 1.062E-02 -4.570E-02 -2.237E-01 1.266E-01 2.530E-02 1.447E-02 -4.269E-02 0 1 8 9 10
20210407:210000 3 15 4 217 5 -2.203E-01 1.242E-01 2.182E-02 1.217E-02 -4.470E-02 -2.184E-01 1.232E-01 1.985E-02 1.062E-02 -4.570E-02 0 1 8 9 10
20210408:210000 3 15 4 312 5 -2.319E-01 1.307E-01 2.035E-02 1.508E-02 -4.540E-02 -2.203E-01 1.242E-01 2.182E-02 1.217E-02 -4.470E-02 0 1 8 9 10
20210409:210000 3 15 4 264 5 -2.183E-01 1.192E-01 6.206E-03 9.051E-03 -5.465E-02 -2.319E-01 1.307E-01 2.035E-02 1.508E-02 -4.540E-02 0 1 8 9 10
20210410:210000 3 15 4 138 5 -2.116E-01 1.131E-01 7.260E-03 3.774E-03 -5.513E-02 -2.183E-01 1.192E-01 6.206E-03 9.051E-03 -5.465E-02 0 1 8 9 10
