20210314:090000 5 3 6 28 5 -3.617E-01 2.525E-01 -1.488E-01 -8.134E-02 -8.762E-02 -3.592E-01 2.500E-01 -1.505E-01 -8.044E-02 -8.891E-02 0 1 8 9 10
20210315:090000 5 3 6 39 5 -3.635E-01 2.539E-01 -1.504E-01 -8.227E-02 -8.895E-02 -3.617E-01 2.525E-01 -1.488E-01 -8.134E-02 -8.762E-02 0 1 8 9 10
20210316:090000 5 3 6 41 5 -3.656E-01 2.559E-01 -1.530E-01 -8.425E-02 -9.119E-02 -3.635E-01 2.539E-01 -1.504E-01 -8.227E-02 -8.895E-02 0 1 8 9 10
20210317:090000 5 3 6 68 5 -3.677E-01 2.577E-01 -1.524E-01 -8.509E-02 -9.063E-02 -3.656E-01 2.559E-01 -1.530E-01 -8.425E-02 -9.119E-02 0 1 8 9 10
20210318:090000 5 3 6 35 5 -3.699E-01 2.591E-01 -1.527E-01 -8.603E-02 -9.066E-02 -3.677E-01 2.577E-01 -1.524E-01 -8.509E-02 -9.063E-02 0 1 8 9 10
20210319:090000 5 3 6 32 5 -3.719E-01 2.602E-01 -1.540E-01 -8.705E-02 -9.177E-02 -3.699E-01 2.591E-01 -1.527E-01 -8.603E-02 -9.066E-02 0 1 8 9 10
20210320:090000 5 3 6 27 5 -3.734E-01 2.612E-01 -1.553E-01 -8.761E-02 -9.278E-02 -3.719E-01 2.602E-01 -1.540E-01 -8.705E-02 -9.177E-02 0 1 8 9 10
20210321:090000 5 3 6 31 5 -3.753E-01 2.627E-01 -1.571E-01 -8.846E-02 -9.418E-02 -3.734E-01 2.612E-01 -1.553E-01 -8.761E-02 -9.278E-02 0 1 8 9 10
20210322:090000 5 3 6 61 5 -3.808E-01 2.659E-01 -1.550E-01 -9.036E-02 -9.243E-02 -3.753E-01 2.627E-01 -1.571E-01 -8.846E-02 -9.418E-02 0 1 8 9 10
20210323:090000 5 3 6 26 5 -3.831E-01 2.674E-01 -1.532E-01 -9.150E-02 -9.085E-02 -3.808E-01 2.659E-01 -1.550E-01 -9.036E-02 -9.243E-02 0 1 8 9 10
20210324:090000 5 3 6 32 5 -3.861E-01 2.691E-01 -1.530E-01 -9.164E-02 -9.087E-02 -3.831E-01 2.674E-01 -1.532E-01 -9.150E-02 -9.085E-02 0 1 8 9 10
20210325:090000 5 3 6 41 5 -3.885E-01 2.707E-01 -1.541E-01 -9.143E-02 -9.169E-02 -3.861E-01 2.691E-01 -1.530E-01 -9.164E-02 -9.087E-02 0 1 8 9 10
20210326:090000 5 3 6 38 5 -3.912E-01 2.724E-01 -1.566E-01 -9.240E-02 -9.349E-02 -3.885E-01 2.707E-01 -1.541E-01 -9.143E-02 -9.169E-02 0 1 8 9 10
20210327:090000 5 3 6 90 5 -3.943E-01 2.752E-01 -1.553E-01 -9.593E-02 -9.232E-02 -3.912E-01 2.724E-01 -1.566E-01 -9.240E-02 -9.349E-02 0 1 8 9 10
20210328:090000 5 3 6 19 5 -3.962E-01 2.764E-01 -1.540E-01 -9.673E-02 -9.135E-02 -3.943E-01 2.752E-01 -1.553E-01 -9.593E-02 -9.232E-02 0 1 8 9 10
20210329:090000 5 3 6 32 5 -4.002E-01 2.773E-01 -1.544E-01 -9.629E-02 -9.196E-02 -3.962E-01 2.764E-01 -1.540E-01 -9.673E-02 -9.135E-02 0 1 8 9 10
20210330:090000 5 3 6 66 5 -4.049E-01 2.782E-01 -1.562E-01 -9.485E-02 -9.311E-02 -4.002E-01 2.773E-01 -1.544E-01 -9.629E-02 -9.196E-02 0 1 8 9 10
20210331:090000 5 3 6 27 5 -4.072E-01 2.788E-01 -1.579E-01 -9.466E-02 -9.388E-02 -4.049E-01 2.782E-01 -1.562E-01 -9.485E-02 -9.311E-02 0 1 8 9 10
20210401:090000 5 3 6 58 5 -4.122E-01 2.809E-01 -1.554E-01 -9.602E-02 -9.177E-02 -4.072E-01 2.788E-01 -1.579E-01 -9.466E-02 -9.388E-02 0 1 8 9 10
20210402:090000 5 3 6 56 5 -4.177E-01 2.837E-01 -1.525E-01 -9.722E-02 -8.923E-02 -4.122E-01 2.809E-01 -1.554E-01 -9.602E-02 -9.177E-02 0 1 8 9 10
20210403:090000 5 3 6 49 5 -4.210E-01 2.853E-01 -1.538E-01 -9.783E-02 -9.042E-02 -4.177E-01 2.837E-01 -1.525E-01 -9.722E-02 -8.923E-02 0 1 8 9 10
20210404:090000 5 3 6 46 5 -4.239E-01 2.869E-01 -1.563E-01 -9.862E-02 -9.222E-02 -4.210E-01 2.853E-01 -1.538E-01 -9.783E-02 -9.042E-02 0 1 8 9 10
20210405:090000 5 3 6 32 5 -4.258E-01 2.881E-01 -1.578E-01 -9.977E-02 -9.334E-02 -4.239E-01 2.869E-01 -1.563E-01 -9.862E-02 -9.222E-02 0 1 8 9 10
20210406:090000 5 3 6 57 5 -4.280E-01 2.901E-01 -1.572E-01 -1.002E-01 -9.265E-02 -4.258E-01 2.881E-01 -1.578E-01 -9.977E-02 -9.334E-02 0 1 8 9 10
20210407:090000 5 3 6 33 5 -4.286E-01 2.907E-01 -1.569E-01 -1.007E-01 -9.245E-02 -4.280E-01 2.901E-01 -1.572E-01 -1.002E-01 -9.265E-02 0 1 8 9 10
20210408:090000 5 3 6 24 5 -4.293E-01 2.910E-01 -1.574E-01 -1.011E-01 -9.294E-02 -4.286E-01 2.907E-01 -1.569E-01 -1.007E-01 -9.245E-02 0 1 8 9 10
20210409:090000 5 3 6 36 5 -4.314E-01 2.923E-01 -1.590E-01 -1.015E-01 -9.416E-02 -4.293E-01 2.910E-01 -1.574E-01 -1.011E-01 -9.294E-02 0 1 8 9 10
20210410:090000 5 3 6 58 5 -4.337E-01 2.930E-01 -1.578E-01 -1.034E-01 -9.315E-02 -4.314E-01 2.923E-01 -1.590E-01 -1.015E-01 -9.416E-02 0 1 8 9 10
