20210314:090000 5 15 5 250 5 -4.467E-01 1.606E-01 -9.085E-02 1.389E-01 -3.121E-02 -4.681E-01 1.814E-01 -1.102E-01 1.481E-01 -4.290E-02 0 1 8 9 10
20210315:090000 5 15 5 175 5 -4.423E-01 1.556E-01 -8.959E-02 1.406E-01 -2.925E-02 -4.467E-01 1.606E-01 -9.085E-02 1.389E-01 -3.121E-02 0 1 8 9 10
20210316:090000 5 15 5 124 5 -4.261E-01 1.352E-01 -8.650E-02 1.273E-01 -3.035E-02 -4.423E-01 1.556E-01 -8.959E-02 1.406E-01 -2.925E-02 0 1 8 9 10
20210317:090000 5 15 5 228 5 -4.333E-01 1.354E-01 -8.289E-02 1.434E-01 -2.763E-02 -4.261E-01 1.352E-01 -8.650E-02 1.273E-01 -3.035E-02 0 1 8 9 10
20210318:090000 5 15 5 239 5 -4.523E-01 1.486E-01 -7.279E-02 1.669E-01 -1.963E-02 -4.333E-01 1.354E-01 -8.289E-02 1.434E-01 -2.763E-02 0 1 8 9 10
20210319:090000 5 15 5 237 5 -4.101E-01 1.230E-01 -5.049E-02 1.525E-01 -1.027E-02 -4.523E-01 1.486E-01 -7.279E-02 1.669E-01 -1.963E-02 0 1 8 9 10
20210320:090000 5 15 5 146 5 -3.894E-01 1.058E-01 -4.714E-02 1.401E-01 -9.883E-03 -4.101E-01 1.230E-01 -5.049E-02 1.525E-01 -1.027E-02 0 1 8 9 10
20210321:090000 5 15 5 100 5 -3.809E-01 9.789E-02 -4.043E-02 1.405E-01 -6.306E-03 -3.894E-01 1.058E-01 -4.714E-02 1.401E-01 -9.883E-03 0 1 8 9 10
20210322:090000 5 15 5 232 5 -3.502E-01 8.298E-02 -4.834E-02 1.266E-01 -1.546E-02 -3.809E-01 9.789E-02 -4.043E-02 1.405E-01 -6.306E-03 0 1 8 9 10
20210323:090000 5 15 5 254 5 -3.160E-01 6.775E-02 -4.793E-02 1.036E-01 -1.746E-02 -3.502E-01 8.298E-02 -4.834E-02 1.266E-01 -1.546E-02 0 1 8 9 10
20210324:090000 5 15 5 216 5 -2.904E-01 5.364E-02 -3.651E-02 8.950E-02 -1.439E-02 -3.160E-01 6.775E-02 -4.793E-02 1.036E-01 -1.746E-02 0 1 8 9 10
20210325:090000 5 15 5 188 5 -2.689E-01 3.725E-02 -2.642E-02 8.356E-02 -9.427E-03 -2.904E-01 5.364E-02 -3.651E-02 8.950E-02 -1.439E-02 0 1 8 9 10
20210326:090000 5 15 5 111 5 -2.670E-01 3.570E-02 -2.526E-02 8.321E-02 -8.737E-03 -2.689E-01 3.725E-02 -2.642E-02 8.356E-02 -9.427E-03 0 1 8 9 10
20210327:090000 5 15 5 254 5 -2.594E-01 3.266E-02 -1.880E-02 5.479E-02 -9.074E-03 -2.670E-01 3.570E-02 -2.526E-02 8.321E-02 -8.737E-03 0 1 8 9 10
20210328:090000 5 15 5 232 5 -2.871E-01 5.333E-02 -1.544E-02 6.939E-02 -7.937E-03 -2.594E-01 3.266E-02 -1.880E-02 5.479E-02 -9.074E-03 0 1 8 9 10
20210329:090000 5 15 5 189 5 -2.774E-01 5.195E-02 -8.776E-03 6.164E-02 -6.463E-03 -2.871E-01 5.333E-02 -1.544E-02 6.939E-02 -7.937E-03 0 1 8 9 10
20210330:090000 5 15 5 156 5 -2.794E-01 5.226E-02 -7.677E-03 6.428E-02 -6.181E-03 -2.774E-01 5.195E-02 -8.776E-03 6.164E-02 -6.463E-03 0 1 8 9 10
20210331:090000 5 15 5 88 5 -2.817E-01 5.286E-02 -1.146E-02 6.016E-02 -9.834E-03 -2.794E-01 5.226E-02 -7.677E-03 6.428E-02 -6.181E-03 0 1 8 9 10
20210401:090000 5 15 5 252 5 -2.773E-01 5.102E-02 -1.232E-02 6.481E-02 -8.586E-03 -2.817E-01 5.286E-02 -1.146E-02 6.016E-02 -9.834E-03 0 1 8 9 10
20210402:090000 5 15 5 234 5 -2.638E-01 4.466E-02 -7.324E-03 5.831E-02 -5.004E-03 -2.773E-01 5.102E-02 -1.232E-02 6.481E-02 -8.586E-03 0 1 8 9 10
20210403:090000 5 15 5 146 5 -2.597E-01 4.202E-02 -7.305E-03 4.942E-02 -7.803E-03 -2.638E-01 4.466E-02 -7.324E-03 5.831E-02 -5.004E-03 0 1 8 9 10
20210404:090000 5 15 5 130 5 -2.583E-01 4.131E-02 -6.949E-03 4.729E-02 -8.770E-03 -2.597E-01 4.202E-02 -7.305E-03 4.942E-02 -7.803E-03 0 1 8 9 10
20210405:090000 5 15 5 77 5 -2.938E-01 6.972E-02 -3.237E-02 5.161E-02 -1.999E-02 -2.583E-01 4.131E-02 -6.949E-03 4.729E-02 -8.770E-03 0 1 8 9 10
20210406:090000 5 15 5 246 5 -3.122E-01 9.591E-02 -2.545E-02 6.344E-02 -1.216E-02 -2.938E-01 6.972E-02 -3.237E-02 5.161E-02 -1.999E-02 0 1 8 9 10
20210407:090000 5 15 5 258 5 -3.147E-01 1.055E-01 -1.689E-02 6.537E-02 -6.907E-03 -3.122E-01 9.591E-02 -2.545E-02 6.344E-02 -1.216E-02 0 1 8 9 10
20210408:090000 5 15 5 189 5 -3.096E-01 1.004E-01 -2.562E-02 5.038E-02 -1.447E-02 -3.147E-01 1.055E-01 -1.689E-02 6.537E-02 -6.907E-03 0 1 8 9 10
20210409:090000 5 15 5 134 5 -3.144E-01 1.051E-01 -2.593E-02 5.412E-02 -1.451E-02 -3.096E-01 1.004E-01 -2.562E-02 5.038E-02 -1.447E-02 0 1 8 9 10
20210410:090000 5 15 5 199 5 -3.227E-01 1.060E-01 -2.592E-02 5.279E-02 -1.783E-02 -3.144E-01 1.051E-01 -2.593E-02 5.412E-02 -1.451E-02 0 1 8 9 10
