20210314:030000 523 73 12 65 6 -8.132E-01 5.642E-01 -5.453E-01 -8.667E-02 6.733E-02 -6.890E-02 -8.054E-01 5.565E-01 -5.388E-01 -8.588E-02 6.605E-02 -6.690E-02 0 1 2 8 9 10
20210314:120000 523 73 12 63 6 -7.247E-01 4.463E-01 -3.984E-01 -2.664E-01 1.219E-02 -2.557E-01 -7.198E-01 4.407E-01 -3.939E-01 -2.653E-01 1.338E-02 -2.539E-01 0 1 2 8 9 10
20210315:030000 523 73 12 91 6 -8.285E-01 5.746E-01 -5.532E-01 -7.343E-02 6.838E-02 -5.777E-02 -8.132E-01 5.642E-01 -5.453E-01 -8.667E-02 6.733E-02 -6.890E-02 0 1 2 8 9 10
20210315:120000 523 73 12 59 6 -7.303E-01 4.522E-01 -4.033E-01 -2.691E-01 1.206E-02 -2.584E-01 -7.247E-01 4.463E-01 -3.984E-01 -2.664E-01 1.219E-02 -2.557E-01 0 1 2 8 9 10
20210316:030000 523 73 12 90 6 -8.421E-01 5.836E-01 -5.602E-01 -6.433E-02 6.294E-02 -5.123E-02 -8.285E-01 5.746E-01 -5.532E-01 -7.343E-02 6.838E-02 -5.777E-02 0 1 2 8 9 10
20210316:120000 523 73 12 42 6 -7.323E-01 4.546E-01 -4.053E-01 -2.698E-01 1.285E-02 -2.585E-01 -7.303E-01 4.522E-01 -4.033E-01 -2.691E-01 1.206E-02 -2.584E-01 0 1 2 8 9 10
20210317:030000 523 73 12 54 6 -8.485E-01 5.882E-01 -5.644E-01 -6.804E-02 6.323E-02 -5.434E-02 -8.421E-01 5.836E-01 -5.602E-01 -6.433E-02 6.294E-02 -5.123E-02 0 1 2 8 9 10
20210317:120000 523 73 12 18 6 -7.320E-01 4.544E-01 -4.051E-01 -2.692E-01 1.398E-02 -2.573E-01 -7.323E-01 4.546E-01 -4.053E-01 -2.698E-01 1.285E-02 -2.585E-01 0 1 2 8 9 10
20210318:030000 523 73 12 59 6 -8.640E-01 5.965E-01 -5.712E-01 -7.454E-02 6.715E-02 -5.893E-02 -8.485E-01 5.882E-01 -5.644E-01 -6.804E-02 6.323E-02 -5.434E-02 0 1 2 8 9 10
20210318:120000 523 73 12 48 6 -7.395E-01 4.608E-01 -4.104E-01 -2.688E-01 1.740E-02 -2.557E-01 -7.320E-01 4.544E-01 -4.051E-01 -2.692E-01 1.398E-02 -2.573E-01 0 1 2 8 9 10
20210319:030000 523 73 12 72 6 -8.897E-01 6.083E-01 -5.803E-01 -7.370E-02 8.272E-02 -5.625E-02 -8.640E-01 5.965E-01 -5.712E-01 -7.454E-02 6.715E-02 -5.893E-02 0 1 2 8 9 10
20210319:120000 523 73 12 75 6 -7.521E-01 4.701E-01 -4.173E-01 -2.701E-01 2.433E-02 -2.555E-01 -7.395E-01 4.608E-01 -4.104E-01 -2.688E-01 1.740E-02 -2.557E-01 0 1 2 8 9 10
20210320:030000 523 73 12 71 6 -9.057E-01 6.166E-01 -5.862E-01 -6.669E-02 9.024E-02 -5.056E-02 -8.897E-01 6.083E-01 -5.803E-01 -7.370E-02 8.272E-02 -5.625E-02 0 1 2 8 9 10
20210320:120000 523 73 12 72 6 -7.619E-01 4.778E-01 -4.235E-01 -2.686E-01 3.351E-02 -2.514E-01 -7.521E-01 4.701E-01 -4.173E-01 -2.701E-01 2.433E-02 -2.555E-01 0 1 2 8 9 10
20210321:030000 523 73 12 79 6 -9.203E-01 6.262E-01 -5.941E-01 -6.144E-02 8.556E-02 -4.523E-02 -9.057E-01 6.166E-01 -5.862E-01 -6.669E-02 9.024E-02 -5.056E-02 0 1 2 8 9 10
20210321:120000 523 73 12 46 6 -7.695E-01 4.831E-01 -4.280E-01 -2.755E-01 3.148E-02 -2.555E-01 -7.619E-01 4.778E-01 -4.235E-01 -2.686E-01 3.351E-02 -2.514E-01 0 1 2 8 9 10
20210322:030000 523 73 12 65 6 -9.368E-01 6.350E-01 -6.005E-01 -5.715E-02 8.272E-02 -3.976E-02 -9.203E-01 6.262E-01 -5.941E-01 -6.144E-02 8.556E-02 -4.523E-02 0 1 2 8 9 10
20210322:120000 523 73 12 36 6 -7.784E-01 4.896E-01 -4.328E-01 -2.843E-01 2.544E-02 -2.646E-01 -7.695E-01 4.831E-01 -4.280E-01 -2.755E-01 3.148E-02 -2.555E-01 0 1 2 8 9 10
20210323:030000 523 73 12 49 6 -9.505E-01 6.418E-01 -6.051E-01 -6.822E-02 7.622E-02 -5.230E-02 -9.368E-01 6.350E-01 -6.005E-01 -5.715E-02 8.272E-02 -3.976E-02 0 1 2 8 9 10
20210323:120000 523 73 12 19 6 -7.838E-01 4.931E-01 -4.353E-01 -2.916E-01 1.690E-02 -2.744E-01 -7.784E-01 4.896E-01 -4.328E-01 -2.843E-01 2.544E-02 -2.646E-01 0 1 2 8 9 10
20210324:030000 523 73 12 70 6 -9.582E-01 6.457E-01 -6.089E-01 -7.079E-02 7.689E-02 -5.663E-02 -9.505E-01 6.418E-01 -6.051E-01 -6.822E-02 7.622E-02 -5.230E-02 0 1 2 8 9 10
20210324:120000 523 73 12 93 6 -8.086E-01 5.071E-01 -4.483E-01 -2.828E-01 3.214E-02 -2.695E-01 -7.838E-01 4.931E-01 -4.353E-01 -2.916E-01 1.690E-02 -2.744E-01 0 1 2 8 9 10
20210325:030000 523 73 12 85 6 -9.700E-01 6.540E-01 -6.176E-01 -7.485E-02 7.489E-02 -6.209E-02 -9.582E-01 6.457E-01 -6.089E-01 -7.079E-02 7.689E-02 -5.663E-02 0 1 2 8 9 10
20210325:120000 523 73 12 77 6 -8.213E-01 5.153E-01 -4.570E-01 -2.831E-01 4.077E-02 -2.687E-01 -8.086E-01 5.071E-01 -4.483E-01 -2.828E-01 3.214E-02 -2.695E-01 0 1 2 8 9 10
20210326:030000 523 73 12 97 6 -9.762E-01 6.586E-01 -6.230E-01 -7.129E-02 7.180E-02 -5.734E-02 -9.700E-01 6.540E-01 -6.176E-01 -7.485E-02 7.489E-02 -6.209E-02 0 1 2 8 9 10
20210326:120000 523 73 12 70 6 -8.291E-01 5.203E-01 -4.628E-01 -2.860E-01 4.568E-02 -2.679E-01 -8.213E-01 5.153E-01 -4.570E-01 -2.831E-01 4.077E-02 -2.687E-01 0 1 2 8 9 10
20210327:030000 523 73 12 94 6 -9.818E-01 6.632E-01 -6.280E-01 -7.215E-02 7.208E-02 -5.838E-02 -9.762E-01 6.586E-01 -6.230E-01 -7.129E-02 7.180E-02 -5.734E-02 0 1 2 8 9 10
20210327:120000 523 73 12 52 6 -8.288E-01 5.188E-01 -4.621E-01 -2.832E-01 5.115E-02 -2.634E-01 -8.291E-01 5.203E-01 -4.628E-01 -2.860E-01 4.568E-02 -2.679E-01 0 1 2 8 9 10
20210328:030000 523 73 12 53 6 -9.861E-01 6.650E-01 -6.306E-01 -7.236E-02 7.689E-02 -5.712E-02 -9.818E-01 6.632E-01 -6.280E-01 -7.215E-02 7.208E-02 -5.838E-02 0 1 2 8 9 10
20210328:120000 523 73 12 26 6 -8.304E-01 5.206E-01 -4.638E-01 -2.843E-01 5.234E-02 -2.624E-01 -8.288E-01 5.188E-01 -4.621E-01 -2.832E-01 5.115E-02 -2.634E-01 0 1 2 8 9 10
20210329:030000 523 73 12 71 6 -1.009E+00 6.706E-01 -6.417E-01 -8.560E-02 7.311E-02 -7.059E-02 -9.861E-01 6.650E-01 -6.306E-01 -7.236E-02 7.689E-02 -5.712E-02 0 1 2 8 9 10
20210329:120000 523 73 12 84 6 -8.676E-01 5.287E-01 -4.799E-01 -2.717E-01 6.887E-02 -2.541E-01 -8.304E-01 5.206E-01 -4.638E-01 -2.843E-01 5.234E-02 -2.624E-01 0 1 2 8 9 10
20210330:030000 523 73 12 79 6 -1.022E+00 6.735E-01 -6.472E-01 -9.432E-02 6.466E-02 -8.017E-02 -1.009E+00 6.706E-01 -6.417E-01 -8.560E-02 7.311E-02 -7.059E-02 0 1 2 8 9 10
20210330:120000 523 73 12 67 6 -8.842E-01 5.320E-01 -4.858E-01 -2.682E-01 8.561E-02 -2.490E-01 -8.676E-01 5.287E-01 -4.799E-01 -2.717E-01 6.887E-02 -2.541E-01 0 1 2 8 9 10
20210331:030000 523 73 12 82 6 -1.040E+00 6.785E-01 -6.566E-01 -9.734E-02 6.239E-02 -8.255E-02 -1.022E+00 6.735E-01 -6.472E-01 -9.432E-02 6.466E-02 -8.017E-02 0 1 2 8 9 10
20210331:120000 523 73 12 69 6 -9.002E-01 5.365E-01 -4.946E-01 -2.743E-01 8.869E-02 -2.542E-01 -8.842E-01 5.320E-01 -4.858E-01 -2.682E-01 8.561E-02 -2.490E-01 0 1 2 8 9 10
20210401:030000 523 73 12 101 6 -1.055E+00 6.836E-01 -6.661E-01 -8.486E-02 5.928E-02 -6.783E-02 -1.040E+00 6.785E-01 -6.566E-01 -9.734E-02 6.239E-02 -8.255E-02 0 1 2 8 9 10
20210401:120000 523 73 12 52 6 -9.086E-01 5.403E-01 -5.013E-01 -2.813E-01 8.740E-02 -2.585E-01 -9.002E-01 5.365E-01 -4.946E-01 -2.743E-01 8.869E-02 -2.542E-01 0 1 2 8 9 10
20210402:030000 523 73 12 54 6 -1.058E+00 6.849E-01 -6.677E-01 -8.604E-02 6.080E-02 -6.754E-02 -1.055E+00 6.836E-01 -6.661E-01 -8.486E-02 5.928E-02 -6.783E-02 0 1 2 8 9 10
20210402:120000 523 73 12 33 6 -9.099E-01 5.414E-01 -5.026E-01 -2.826E-01 8.680E-02 -2.593E-01 -9.086E-01 5.403E-01 -5.013E-01 -2.813E-01 8.740E-02 -2.585E-01 0 1 2 8 9 10
20210403:030000 523 73 12 70 6 -1.065E+00 6.879E-01 -6.713E-01 -8.897E-02 6.248E-02 -6.954E-02 -1.058E+00 6.849E-01 -6.677E-01 -8.604E-02 6.080E-02 -6.754E-02 0 1 2 8 9 10
20210403:120000 523 73 12 96 6 -9.246E-01 5.510E-01 -5.141E-01 -2.678E-01 9.839E-02 -2.456E-01 -9.099E-01 5.414E-01 -5.026E-01 -2.826E-01 8.680E-02 -2.593E-01 0 1 2 8 9 10
20210404:030000 523 73 12 64 6 -1.070E+00 6.901E-01 -6.741E-01 -9.118E-02 6.173E-02 -7.210E-02 -1.065E+00 6.879E-01 -6.713E-01 -8.897E-02 6.248E-02 -6.954E-02 0 1 2 8 9 10
20210404:120000 523 73 12 84 6 -9.382E-01 5.589E-01 -5.238E-01 -2.664E-01 1.085E-01 -2.439E-01 -9.246E-01 5.510E-01 -5.141E-01 -2.678E-01 9.839E-02 -2.456E-01 0 1 2 8 9 10
20210405:030000 523 73 12 60 6 -1.077E+00 6.927E-01 -6.774E-01 -8.470E-02 6.460E-02 -6.689E-02 -1.070E+00 6.901E-01 -6.741E-01 -9.118E-02 6.173E-02 -7.210E-02 0 1 2 8 9 10
20210405:120000 523 73 12 57 6 -9.435E-01 5.607E-01 -5.271E-01 -2.693E-01 1.087E-01 -2.464E-01 -9.382E-01 5.589E-01 -5.238E-01 -2.664E-01 1.085E-01 -2.439E-01 0 1 2 8 9 10
20210406:030000 523 73 12 68 6 -1.080E+00 6.921E-01 -6.774E-01 -8.082E-02 6.529E-02 -6.264E-02 -1.077E+00 6.927E-01 -6.774E-01 -8.470E-02 6.460E-02 -6.689E-02 0 1 2 8 9 10
20210406:120000 523 73 12 33 6 -9.420E-01 5.588E-01 -5.257E-01 -2.671E-01 1.112E-01 -2.436E-01 -9.435E-01 5.607E-01 -5.271E-01 -2.693E-01 1.087E-01 -2.464E-01 0 1 2 8 9 10
20210407:030000 523 73 12 36 6 -1.082E+00 6.931E-01 -6.778E-01 -8.138E-02 6.620E-02 -6.265E-02 -1.080E+00 6.921E-01 -6.774E-01 -8.082E-02 6.529E-02 -6.264E-02 0 1 2 8 9 10
20210407:120000 523 73 12 17 6 -9.419E-01 5.587E-01 -5.256E-01 -2.670E-01 1.111E-01 -2.437E-01 -9.420E-01 5.588E-01 -5.257E-01 -2.671E-01 1.112E-01 -2.436E-01 0 1 2 8 9 10
20210408:030000 523 73 12 37 6 -1.086E+00 6.960E-01 -6.796E-01 -8.152E-02 7.021E-02 -6.203E-02 -1.082E+00 6.931E-01 -6.778E-01 -8.138E-02 6.620E-02 -6.265E-02 0 1 2 8 9 10
20210408:120000 523 73 12 43 6 -9.501E-01 5.642E-01 -5.308E-01 -2.665E-01 1.121E-01 -2.439E-01 -9.419E-01 5.587E-01 -5.256E-01 -2.670E-01 1.111E-01 -2.437E-01 0 1 2 8 9 10
20210409:030000 523 73 12 50 6 -1.092E+00 6.986E-01 -6.832E-01 -8.471E-02 7.281E-02 -6.342E-02 -1.086E+00 6.960E-01 -6.796E-01 -8.152E-02 7.021E-02 -6.203E-02 0 1 2 8 9 10
20210409:120000 523 73 12 78 6 -9.627E-01 5.715E-01 -5.398E-01 -2.616E-01 1.208E-01 -2.408E-01 -9.501E-01 5.642E-01 -5.308E-01 -2.665E-01 1.121E-01 -2.439E-01 0 1 2 8 9 10
20210410:030000 523 73 12 43 6 -1.099E+00 7.030E-01 -6.894E-01 -8.415E-02 7.451E-02 -6.328E-02 -1.092E+00 6.986E-01 -6.832E-01 -8.471E-02 7.281E-02 -6.342E-02 0 1 2 8 9 10
20210410:120000 523 73 12 50 6 -9.700E-01 5.759E-01 -5.463E-01 -2.645E-01 1.219E-01 -2.431E-01 -9.627E-01 5.715E-01 -5.398E-01 -2.616E-01 1.208E-01 -2.408E-01 0 1 2 8 9 10
