20210314:210000 5 15 4 263 5 -2.897E-01 -7.826E-02 -8.935E-02 1.297E-01 -2.755E-02 -2.930E-01 -7.509E-02 -7.769E-02 1.209E-01 -1.845E-02 0 1 8 9 10
20210315:210000 5 15 4 172 5 -2.964E-01 -7.386E-02 -8.895E-02 1.332E-01 -2.653E-02 -2.897E-01 -7.826E-02 -8.935E-02 1.297E-01 -2.755E-02 0 1 8 9 10
20210316:210000 5 15 4 215 5 -3.035E-01 -6.924E-02 -8.037E-02 1.345E-01 -2.076E-02 -2.964E-01 -7.386E-02 -8.895E-02 1.332E-01 -2.653E-02 0 1 8 9 10
20210317:210000 5 15 4 344 5 -2.922E-01 -7.415E-02 -8.930E-02 1.274E-01 -2.662E-02 -3.035E-01 -6.924E-02 -8.037E-02 1.345E-01 -2.076E-02 0 1 8 9 10
20210318:210000 5 15 4 273 5 -2.983E-01 -7.643E-02 -7.043E-02 1.291E-01 -1.384E-02 -2.922E-01 -7.415E-02 -8.930E-02 1.274E-01 -2.662E-02 0 1 8 9 10
20210319:210000 5 15 4 221 5 -3.132E-01 -7.153E-02 -6.413E-02 1.362E-01 -7.603E-03 -2.983E-01 -7.643E-02 -7.043E-02 1.291E-01 -1.384E-02 0 1 8 9 10
20210320:210000 5 15 4 158 5 -3.296E-01 -6.249E-02 -6.235E-02 1.472E-01 -4.682E-03 -3.132E-01 -7.153E-02 -6.413E-02 1.362E-01 -7.603E-03 0 1 8 9 10
20210321:210000 5 15 4 184 5 -3.231E-01 -6.516E-02 -6.389E-02 1.412E-01 -7.827E-03 -3.296E-01 -6.249E-02 -6.235E-02 1.472E-01 -4.682E-03 0 1 8 9 10
20210322:210000 5 15 4 321 5 -3.577E-01 -4.513E-02 -6.405E-02 1.448E-01 -7.287E-03 -3.231E-01 -6.516E-02 -6.389E-02 1.412E-01 -7.827E-03 0 1 8 9 10
20210323:210000 5 15 4 278 5 -3.616E-01 -4.419E-02 -6.028E-02 1.465E-01 -1.970E-03 -3.577E-01 -4.513E-02 -6.405E-02 1.448E-01 -7.287E-03 0 1 8 9 10
20210324:210000 5 15 4 137 5 -3.689E-01 -4.094E-02 -6.561E-02 1.473E-01 -4.561E-03 -3.616E-01 -4.419E-02 -6.028E-02 1.465E-01 -1.970E-03 0 1 8 9 10
20210325:210000 5 15 4 190 5 -3.616E-01 -4.694E-02 -6.924E-02 1.396E-01 -6.113E-03 -3.689E-01 -4.094E-02 -6.561E-02 1.473E-01 -4.561E-03 0 1 8 9 10
20210326:210000 5 15 4 207 5 -3.516E-01 -5.757E-02 -7.874E-02 1.295E-01 -1.369E-02 -3.616E-01 -4.694E-02 -6.924E-02 1.396E-01 -6.113E-03 0 1 8 9 10
20210327:210000 5 15 4 287 5 -3.558E-01 -5.505E-02 -8.279E-02 1.311E-01 -1.656E-02 -3.516E-01 -5.757E-02 -7.874E-02 1.295E-01 -1.369E-02 0 1 8 9 10
20210328:210000 5 15 4 278 5 -3.566E-01 -5.566E-02 -8.250E-02 1.180E-01 -1.223E-02 -3.558E-01 -5.505E-02 -8.279E-02 1.311E-01 -1.656E-02 0 1 8 9 10
20210329:210000 5 15 4 129 5 -3.521E-01 -5.700E-02 -8.593E-02 1.133E-01 -1.418E-02 -3.566E-01 -5.566E-02 -8.250E-02 1.180E-01 -1.223E-02 0 1 8 9 10
20210330:210000 5 15 4 189 5 -3.657E-01 -5.273E-02 -8.167E-02 1.130E-01 -1.213E-02 -3.521E-01 -5.700E-02 -8.593E-02 1.133E-01 -1.418E-02 0 1 8 9 10
20210331:210000 5 15 4 285 5 -4.008E-01 -4.240E-02 -7.954E-02 1.214E-01 -9.257E-03 -3.657E-01 -5.273E-02 -8.167E-02 1.130E-01 -1.213E-02 0 1 8 9 10
20210401:210000 5 15 4 307 5 -3.938E-01 -4.436E-02 -8.505E-02 1.086E-01 -1.271E-02 -4.008E-01 -4.240E-02 -7.954E-02 1.214E-01 -9.257E-03 0 1 8 9 10
20210402:210000 5 15 4 258 5 -3.884E-01 -4.585E-02 -8.322E-02 1.027E-01 -1.348E-02 -3.938E-01 -4.436E-02 -8.505E-02 1.086E-01 -1.271E-02 0 1 8 9 10
20210403:210000 5 15 4 118 5 -4.030E-01 -4.066E-02 -8.069E-02 1.135E-01 -1.076E-02 -3.884E-01 -4.585E-02 -8.322E-02 1.027E-01 -1.348E-02 0 1 8 9 10
20210404:210000 5 15 4 217 5 -4.178E-01 -3.711E-02 -7.835E-02 1.138E-01 -9.371E-03 -4.030E-01 -4.066E-02 -8.069E-02 1.135E-01 -1.076E-02 0 1 8 9 10
20210405:210000 5 15 4 295 5 -4.153E-01 -4.781E-02 -7.211E-02 1.077E-01 -5.231E-03 -4.178E-01 -3.711E-02 -7.835E-02 1.138E-01 -9.371E-03 0 1 8 9 10
20210406:210000 5 15 4 262 5 -4.232E-01 -4.096E-02 -7.989E-02 1.077E-01 -7.656E-03 -4.153E-01 -4.781E-02 -7.211E-02 1.077E-01 -5.231E-03 0 1 8 9 10
20210407:210000 5 15 4 249 5 -4.317E-01 -4.028E-02 -8.791E-02 1.157E-01 -1.147E-02 -4.232E-01 -4.096E-02 -7.989E-02 1.077E-01 -7.656E-03 0 1 8 9 10
20210408:210000 5 15 4 174 5 -4.234E-01 -4.617E-02 -8.768E-02 1.088E-01 -1.165E-02 -4.317E-01 -4.028E-02 -8.791E-02 1.157E-01 -1.147E-02 0 1 8 9 10
20210409:210000 5 15 4 229 5 -4.247E-01 -4.429E-02 -9.354E-02 9.656E-02 -1.500E-02 -4.234E-01 -4.617E-02 -8.768E-02 1.088E-01 -1.165E-02 0 1 8 9 10
20210410:210000 5 15 4 323 5 -4.173E-01 -4.419E-02 -9.253E-02 9.360E-02 -1.886E-02 -4.247E-01 -4.429E-02 -9.354E-02 9.656E-02 -1.500E-02 0 1 8 9 10
