20210314:090000 3 15 4 105 5 -2.673E-01 -1.192E-01 -7.073E-02 -3.029E-02 -7.388E-02 -2.685E-01 -1.179E-01 -7.266E-02 -3.199E-02 -7.531E-02 0 1 8 9 10
20210315:090000 3 15 4 285 5 -2.718E-01 -1.157E-01 -7.506E-02 -2.455E-02 -7.455E-02 -2.673E-01 -1.192E-01 -7.073E-02 -3.029E-02 -7.388E-02 0 1 8 9 10
20210316:090000 3 15 4 280 5 -2.669E-01 -1.163E-01 -5.946E-02 -1.840E-02 -6.529E-02 -2.718E-01 -1.157E-01 -7.506E-02 -2.455E-02 -7.455E-02 0 1 8 9 10
20210317:090000 3 15 4 207 5 -2.766E-01 -1.063E-01 -6.167E-02 -1.441E-02 -6.600E-02 -2.669E-01 -1.163E-01 -5.946E-02 -1.840E-02 -6.529E-02 0 1 8 9 10
20210318:090000 3 15 4 161 5 -2.825E-01 -1.001E-01 -6.443E-02 -1.447E-02 -6.874E-02 -2.766E-01 -1.063E-01 -6.167E-02 -1.441E-02 -6.600E-02 0 1 8 9 10
20210319:090000 3 15 4 135 5 -2.816E-01 -1.018E-01 -6.392E-02 -1.661E-02 -6.833E-02 -2.825E-01 -1.001E-01 -6.443E-02 -1.447E-02 -6.874E-02 0 1 8 9 10
20210320:090000 3 15 4 258 5 -2.770E-01 -1.037E-01 -6.456E-02 -2.361E-02 -7.077E-02 -2.816E-01 -1.018E-01 -6.392E-02 -1.661E-02 -6.833E-02 0 1 8 9 10
20210321:090000 3 15 4 273 5 -2.750E-01 -1.066E-01 -7.328E-02 -1.537E-02 -7.713E-02 -2.770E-01 -1.037E-01 -6.456E-02 -2.361E-02 -7.077E-02 0 1 8 9 10
20210322:090000 3 15 4 192 5 -2.760E-01 -1.051E-01 -6.673E-02 -9.762E-03 -7.357E-02 -2.750E-01 -1.066E-01 -7.328E-02 -1.537E-02 -7.713E-02 0 1 8 9 10
20210323:090000 3 15 4 151 5 -2.786E-01 -1.036E-01 -6.709E-02 -7.132E-03 -7.295E-02 -2.760E-01 -1.051E-01 -6.673E-02 -9.762E-03 -7.357E-02 0 1 8 9 10
20210324:090000 3 15 4 224 5 -2.822E-01 -1.024E-01 -6.234E-02 -5.545E-03 -7.116E-02 -2.786E-01 -1.036E-01 -6.709E-02 -7.132E-03 -7.295E-02 0 1 8 9 10
20210325:090000 3 15 4 258 5 -2.789E-01 -1.048E-01 -6.057E-02 -5.695E-03 -6.844E-02 -2.822E-01 -1.024E-01 -6.234E-02 -5.545E-03 -7.116E-02 0 1 8 9 10
20210326:090000 3 15 4 257 5 -2.787E-01 -1.066E-01 -5.957E-02 2.992E-03 -6.624E-02 -2.789E-01 -1.048E-01 -6.057E-02 -5.695E-03 -6.844E-02 0 1 8 9 10
20210327:090000 3 15 4 181 5 -2.716E-01 -1.140E-01 -6.252E-02 -8.936E-03 -7.058E-02 -2.787E-01 -1.066E-01 -5.957E-02 2.992E-03 -6.624E-02 0 1 8 9 10
20210328:090000 3 15 4 147 5 -2.715E-01 -1.153E-01 -6.117E-02 -6.750E-03 -6.906E-02 -2.716E-01 -1.140E-01 -6.252E-02 -8.936E-03 -7.058E-02 0 1 8 9 10
20210329:090000 3 15 4 250 5 -2.758E-01 -1.119E-01 -6.242E-02 -3.951E-03 -6.872E-02 -2.715E-01 -1.153E-01 -6.117E-02 -6.750E-03 -6.906E-02 0 1 8 9 10
20210330:090000 3 15 4 246 5 -2.823E-01 -1.103E-01 -6.398E-02 -1.228E-03 -7.102E-02 -2.758E-01 -1.119E-01 -6.242E-02 -3.951E-03 -6.872E-02 0 1 8 9 10
20210331:090000 3 15 4 264 5 -2.789E-01 -1.126E-01 -5.244E-02 -1.177E-03 -6.652E-02 -2.823E-01 -1.103E-01 -6.398E-02 -1.228E-03 -7.102E-02 0 1 8 9 10
20210401:090000 3 15 4 176 5 -2.677E-01 -1.179E-01 -4.794E-02 -7.216E-03 -6.545E-02 -2.789E-01 -1.126E-01 -5.244E-02 -1.177E-03 -6.652E-02 0 1 8 9 10
20210402:090000 3 15 4 131 5 -2.635E-01 -1.199E-01 -4.511E-02 -8.176E-03 -6.453E-02 -2.677E-01 -1.179E-01 -4.794E-02 -7.216E-03 -6.545E-02 0 1 8 9 10
20210403:090000 3 15 4 250 5 -2.571E-01 -1.241E-01 -3.692E-02 -9.567E-03 -5.851E-02 -2.635E-01 -1.199E-01 -4.511E-02 -8.176E-03 -6.453E-02 0 1 8 9 10
20210404:090000 3 15 4 237 5 -2.635E-01 -1.210E-01 -3.953E-02 -5.136E-03 -5.964E-02 -2.571E-01 -1.241E-01 -3.692E-02 -9.567E-03 -5.851E-02 0 1 8 9 10
20210405:090000 3 15 4 227 5 -2.638E-01 -1.277E-01 -4.010E-02 -3.805E-03 -5.755E-02 -2.635E-01 -1.210E-01 -3.953E-02 -5.136E-03 -5.964E-02 0 1 8 9 10
20210406:090000 3 15 4 167 5 -2.620E-01 -1.314E-01 -3.839E-02 -2.754E-03 -5.596E-02 -2.638E-01 -1.277E-01 -4.010E-02 -3.805E-03 -5.755E-02 0 1 8 9 10
20210407:090000 3 15 4 110 5 -2.622E-01 -1.311E-01 -3.861E-02 -3.118E-03 -5.637E-02 -2.620E-01 -1.314E-01 -3.839E-02 -2.754E-03 -5.596E-02 0 1 8 9 10
20210408:090000 3 15 4 273 5 -2.622E-01 -1.333E-01 -3.717E-02 -2.245E-03 -5.605E-02 -2.622E-01 -1.311E-01 -3.861E-02 -3.118E-03 -5.637E-02 0 1 8 9 10
20210409:090000 3 15 4 292 5 -2.706E-01 -1.338E-01 -4.332E-02 2.996E-04 -5.840E-02 -2.622E-01 -1.333E-01 -3.717E-02 -2.245E-03 -5.605E-02 0 1 8 9 10
20210410:090000 3 15 4 231 5 -2.708E-01 -1.327E-01 -4.365E-02 -5.372E-03 -5.935E-02 -2.706E-01 -1.338E-01 -4.332E-02 2.996E-04 -5.840E-02 0 1 8 9 10
