20210314:090000 3 15 4 105 5 -2.673E-01 -1.192E-01 -7.073E-02 -3.029E-02 -7.388E-02 -2.685E-01 -1.179E-01 -7.266E-02 -3.199E-02 -7.531E-02 0 1 8 9 10
20210314:210000 3 15 4 220 5 -1.976E-01 1.330E-01 4.588E-02 4.228E-03 -3.574E-02 -1.912E-01 1.269E-01 4.453E-02 1.698E-03 -3.802E-02 0 1 8 9 10
20210315:090000 3 15 4 285 5 -2.718E-01 -1.157E-01 -7.506E-02 -2.455E-02 -7.455E-02 -2.673E-01 -1.192E-01 -7.073E-02 -3.029E-02 -7.388E-02 0 1 8 9 10
20210315:210000 3 15 4 314 5 -2.101E-01 1.450E-01 4.240E-02 7.792E-03 -3.642E-02 -1.976E-01 1.330E-01 4.588E-02 4.228E-03 -3.574E-02 0 1 8 9 10
20210316:090000 3 15 4 280 5 -2.669E-01 -1.163E-01 -5.946E-02 -1.840E-02 -6.529E-02 -2.718E-01 -1.157E-01 -7.506E-02 -2.455E-02 -7.455E-02 0 1 8 9 10
20210316:210000 3 15 4 248 5 -2.093E-01 1.461E-01 3.409E-02 1.253E-02 -4.232E-02 -2.101E-01 1.450E-01 4.240E-02 7.792E-03 -3.642E-02 0 1 8 9 10
20210317:090000 3 15 4 207 5 -2.766E-01 -1.063E-01 -6.167E-02 -1.441E-02 -6.600E-02 -2.669E-01 -1.163E-01 -5.946E-02 -1.840E-02 -6.529E-02 0 1 8 9 10
20210317:210000 3 15 4 115 5 -2.072E-01 1.441E-01 3.224E-02 9.981E-03 -4.367E-02 -2.093E-01 1.461E-01 3.409E-02 1.253E-02 -4.232E-02 0 1 8 9 10
20210318:090000 3 15 4 161 5 -2.825E-01 -1.001E-01 -6.443E-02 -1.447E-02 -6.874E-02 -2.766E-01 -1.063E-01 -6.167E-02 -1.441E-02 -6.600E-02 0 1 8 9 10
20210318:210000 3 15 4 198 5 -2.102E-01 1.432E-01 3.780E-02 6.850E-03 -4.027E-02 -2.072E-01 1.441E-01 3.224E-02 9.981E-03 -4.367E-02 0 1 8 9 10
20210319:090000 3 15 4 135 5 -2.816E-01 -1.018E-01 -6.392E-02 -1.661E-02 -6.833E-02 -2.825E-01 -1.001E-01 -6.443E-02 -1.447E-02 -6.874E-02 0 1 8 9 10
20210319:210000 3 15 4 234 5 -2.092E-01 1.435E-01 3.777E-02 1.059E-02 -4.119E-02 -2.102E-01 1.432E-01 3.780E-02 6.850E-03 -4.027E-02 0 1 8 9 10
20210320:090000 3 15 4 258 5 -2.770E-01 -1.037E-01 -6.456E-02 -2.361E-02 -7.077E-02 -2.816E-01 -1.018E-01 -6.392E-02 -1.661E-02 -6.833E-02 0 1 8 9 10
20210320:210000 3 15 4 293 5 -2.038E-01 1.392E-01 3.291E-02 1.223E-03 -4.509E-02 -2.092E-01 1.435E-01 3.777E-02 1.059E-02 -4.119E-02 0 1 8 9 10
20210321:090000 3 15 4 273 5 -2.750E-01 -1.066E-01 -7.328E-02 -1.537E-02 -7.713E-02 -2.770E-01 -1.037E-01 -6.456E-02 -2.361E-02 -7.077E-02 0 1 8 9 10
20210321:210000 3 15 4 270 5 -2.083E-01 1.404E-01 3.975E-02 6.215E-03 -3.998E-02 -2.038E-01 1.392E-01 3.291E-02 1.223E-03 -4.509E-02 0 1 8 9 10
20210322:090000 3 15 4 192 5 -2.760E-01 -1.051E-01 -6.673E-02 -9.762E-03 -7.357E-02 -2.750E-01 -1.066E-01 -7.328E-02 -1.537E-02 -7.713E-02 0 1 8 9 10
20210322:210000 3 15 4 149 5 -2.128E-01 1.421E-01 4.245E-02 9.552E-03 -3.798E-02 -2.083E-01 1.404E-01 3.975E-02 6.215E-03 -3.998E-02 0 1 8 9 10
20210323:090000 3 15 4 151 5 -2.786E-01 -1.036E-01 -6.709E-02 -7.132E-03 -7.295E-02 -2.760E-01 -1.051E-01 -6.673E-02 -9.762E-03 -7.357E-02 0 1 8 9 10
20210323:210000 3 15 4 208 5 -2.094E-01 1.384E-01 3.990E-02 1.121E-02 -4.018E-02 -2.128E-01 1.421E-01 4.245E-02 9.552E-03 -3.798E-02 0 1 8 9 10
20210324:090000 3 15 4 224 5 -2.822E-01 -1.024E-01 -6.234E-02 -5.545E-03 -7.116E-02 -2.786E-01 -1.036E-01 -6.709E-02 -7.132E-03 -7.295E-02 0 1 8 9 10
20210324:210000 3 15 4 342 5 -2.119E-01 1.380E-01 3.441E-02 1.207E-02 -4.327E-02 -2.094E-01 1.384E-01 3.990E-02 1.121E-02 -4.018E-02 0 1 8 9 10
20210325:090000 3 15 4 258 5 -2.789E-01 -1.048E-01 -6.057E-02 -5.695E-03 -6.844E-02 -2.822E-01 -1.024E-01 -6.234E-02 -5.545E-03 -7.116E-02 0 1 8 9 10
20210325:210000 3 15 4 307 5 -2.150E-01 1.391E-01 3.571E-02 8.498E-03 -4.288E-02 -2.119E-01 1.380E-01 3.441E-02 1.207E-02 -4.327E-02 0 1 8 9 10
20210326:090000 3 15 4 257 5 -2.787E-01 -1.066E-01 -5.957E-02 2.992E-03 -6.624E-02 -2.789E-01 -1.048E-01 -6.057E-02 -5.695E-03 -6.844E-02 0 1 8 9 10
20210326:210000 3 15 4 289 5 -2.044E-01 1.293E-01 3.102E-02 1.926E-02 -4.634E-02 -2.150E-01 1.391E-01 3.571E-02 8.498E-03 -4.288E-02 0 1 8 9 10
20210327:090000 3 15 4 181 5 -2.716E-01 -1.140E-01 -6.252E-02 -8.936E-03 -7.058E-02 -2.787E-01 -1.066E-01 -5.957E-02 2.992E-03 -6.624E-02 0 1 8 9 10
20210327:210000 3 15 4 194 5 -2.048E-01 1.277E-01 2.493E-02 1.314E-02 -5.013E-02 -2.044E-01 1.293E-01 3.102E-02 1.926E-02 -4.634E-02 0 1 8 9 10
20210328:090000 3 15 4 147 5 -2.715E-01 -1.153E-01 -6.117E-02 -6.750E-03 -6.906E-02 -2.716E-01 -1.140E-01 -6.252E-02 -8.936E-03 -7.058E-02 0 1 8 9 10
20210328:210000 3 15 4 211 5 -2.151E-01 1.304E-01 3.138E-02 2.076E-02 -4.558E-02 -2.048E-01 1.277E-01 2.493E-02 1.314E-02 -5.013E-02 0 1 8 9 10
20210329:090000 3 15 4 250 5 -2.758E-01 -1.119E-01 -6.242E-02 -3.951E-03 -6.872E-02 -2.715E-01 -1.153E-01 -6.117E-02 -6.750E-03 -6.906E-02 0 1 8 9 10
20210329:210000 3 15 4 343 5 -2.390E-01 1.349E-01 3.865E-02 2.968E-02 -3.805E-02 -2.151E-01 1.304E-01 3.138E-02 2.076E-02 -4.558E-02 0 1 8 9 10
20210330:090000 3 15 4 246 5 -2.823E-01 -1.103E-01 -6.398E-02 -1.228E-03 -7.102E-02 -2.758E-01 -1.119E-01 -6.242E-02 -3.951E-03 -6.872E-02 0 1 8 9 10
20210330:210000 3 15 4 290 5 -2.379E-01 1.329E-01 4.021E-02 2.585E-02 -3.778E-02 -2.390E-01 1.349E-01 3.865E-02 2.968E-02 -3.805E-02 0 1 8 9 10
20210331:090000 3 15 4 264 5 -2.789E-01 -1.126E-01 -5.244E-02 -1.177E-03 -6.652E-02 -2.823E-01 -1.103E-01 -6.398E-02 -1.228E-03 -7.102E-02 0 1 8 9 10
20210331:210000 3 15 4 184 5 -2.346E-01 1.319E-01 3.719E-02 2.326E-02 -3.898E-02 -2.379E-01 1.329E-01 4.021E-02 2.585E-02 -3.778E-02 0 1 8 9 10
20210401:090000 3 15 4 176 5 -2.677E-01 -1.179E-01 -4.794E-02 -7.216E-03 -6.545E-02 -2.789E-01 -1.126E-01 -5.244E-02 -1.177E-03 -6.652E-02 0 1 8 9 10
20210401:210000 3 15 4 165 5 -2.329E-01 1.326E-01 3.021E-02 2.471E-02 -4.442E-02 -2.346E-01 1.319E-01 3.719E-02 2.326E-02 -3.898E-02 0 1 8 9 10
20210402:090000 3 15 4 131 5 -2.635E-01 -1.199E-01 -4.511E-02 -8.176E-03 -6.453E-02 -2.677E-01 -1.179E-01 -4.794E-02 -7.216E-03 -6.545E-02 0 1 8 9 10
20210402:210000 3 15 4 198 5 -2.246E-01 1.282E-01 3.119E-02 2.050E-02 -4.200E-02 -2.329E-01 1.326E-01 3.021E-02 2.471E-02 -4.442E-02 0 1 8 9 10
20210403:090000 3 15 4 250 5 -2.571E-01 -1.241E-01 -3.692E-02 -9.567E-03 -5.851E-02 -2.635E-01 -1.199E-01 -4.511E-02 -8.176E-03 -6.453E-02 0 1 8 9 10
20210403:210000 3 15 4 289 5 -2.274E-01 1.301E-01 2.450E-02 2.496E-02 -4.441E-02 -2.246E-01 1.282E-01 3.119E-02 2.050E-02 -4.200E-02 0 1 8 9 10
20210404:090000 3 15 4 237 5 -2.635E-01 -1.210E-01 -3.953E-02 -5.136E-03 -5.964E-02 -2.571E-01 -1.241E-01 -3.692E-02 -9.567E-03 -5.851E-02 0 1 8 9 10
20210404:210000 3 15 4 237 5 -2.277E-01 1.293E-01 2.606E-02 1.718E-02 -4.264E-02 -2.274E-01 1.301E-01 2.450E-02 2.496E-02 -4.441E-02 0 1 8 9 10
20210405:090000 3 15 4 227 5 -2.638E-01 -1.277E-01 -4.010E-02 -3.805E-03 -5.755E-02 -2.635E-01 -1.210E-01 -3.953E-02 -5.136E-03 -5.964E-02 0 1 8 9 10
20210405:210000 3 15 4 120 5 -2.237E-01 1.266E-01 2.530E-02 1.447E-02 -4.269E-02 -2.277E-01 1.293E-01 2.606E-02 1.718E-02 -4.264E-02 0 1 8 9 10
20210406:090000 3 15 4 167 5 -2.620E-01 -1.314E-01 -3.839E-02 -2.754E-03 -5.596E-02 -2.638E-01 -1.277E-01 -4.010E-02 -3.805E-03 -5.755E-02 0 1 8 9 10
20210406:210000 3 15 4 179 5 -2.184E-01 1.232E-01 1.985E-02 1.062E-02 -4.570E-02 -2.237E-01 1.266E-01 2.530E-02 1.447E-02 -4.269E-02 0 1 8 9 10
20210407:090000 3 15 4 110 5 -2.622E-01 -1.311E-01 -3.861E-02 -3.118E-03 -5.637E-02 -2.620E-01 -1.314E-01 -3.839E-02 -2.754E-03 -5.596E-02 0 1 8 9 10
20210407:210000 3 15 4 217 5 -2.203E-01 1.242E-01 2.182E-02 1.217E-02 -4.470E-02 -2.184E-01 1.232E-01 1.985E-02 1.062E-02 -4.570E-02 0 1 8 9 10
20210408:090000 3 15 4 273 5 -2.622E-01 -1.333E-01 -3.717E-02 -2.245E-03 -5.605E-02 -2.622E-01 -1.311E-01 -3.861E-02 -3.118E-03 -5.637E-02 0 1 8 9 10
20210408:210000 3 15 4 312 5 -2.319E-01 1.307E-01 2.035E-02 1.508E-02 -4.540E-02 -2.203E-01 1.242E-01 2.182E-02 1.217E-02 -4.470E-02 0 1 8 9 10
20210409:090000 3 15 4 292 5 -2.706E-01 -1.338E-01 -4.332E-02 2.996E-04 -5.840E-02 -2.622E-01 -1.333E-01 -3.717E-02 -2.245E-03 -5.605E-02 0 1 8 9 10
20210409:210000 3 15 4 264 5 -2.183E-01 1.192E-01 6.206E-03 9.051E-03 -5.465E-02 -2.319E-01 1.307E-01 2.035E-02 1.508E-02 -4.540E-02 0 1 8 9 10
20210410:090000 3 15 4 231 5 -2.708E-01 -1.327E-01 -4.365E-02 -5.372E-03 -5.935E-02 -2.706E-01 -1.338E-01 -4.332E-02 2.996E-04 -5.840E-02 0 1 8 9 10
20210410:210000 3 15 4 138 5 -2.116E-01 1.131E-01 7.260E-03 3.774E-03 -5.513E-02 -2.183E-01 1.192E-01 6.206E-03 9.051E-03 -5.465E-02 0 1 8 9 10
