20210314:030000 523 73 5 66 4 -2.659E-02 7.703E-02 -5.565E-03 4.536E-02 -2.550E-02 7.689E-02 -7.110E-03 4.425E-02 0 8 9 10
20210315:030000 523 73 5 91 4 -2.732E-02 7.823E-02 2.697E-03 4.867E-02 -2.659E-02 7.703E-02 -5.565E-03 4.536E-02 0 8 9 10
20210316:030000 523 73 5 91 4 -2.792E-02 7.536E-02 2.099E-03 4.519E-02 -2.732E-02 7.823E-02 2.697E-03 4.867E-02 0 8 9 10
20210317:030000 523 73 5 54 4 -2.875E-02 7.558E-02 4.431E-03 4.730E-02 -2.792E-02 7.536E-02 2.099E-03 4.519E-02 0 8 9 10
20210318:030000 523 73 5 60 4 -3.213E-02 7.390E-02 4.526E-03 4.586E-02 -2.875E-02 7.558E-02 4.431E-03 4.730E-02 0 8 9 10
20210319:030000 523 73 5 73 4 -3.145E-02 7.220E-02 3.219E-03 4.450E-02 -3.213E-02 7.390E-02 4.526E-03 4.586E-02 0 8 9 10
20210320:030000 523 73 5 72 4 -3.068E-02 7.088E-02 2.547E-03 4.309E-02 -3.145E-02 7.220E-02 3.219E-03 4.450E-02 0 8 9 10
20210321:030000 523 73 5 80 4 -2.781E-02 6.697E-02 3.156E-04 3.855E-02 -3.068E-02 7.088E-02 2.547E-03 4.309E-02 0 8 9 10
20210322:030000 523 73 5 66 4 -2.951E-02 6.471E-02 4.977E-05 3.504E-02 -2.781E-02 6.697E-02 3.156E-04 3.855E-02 0 8 9 10
20210323:030000 523 73 5 50 4 -3.142E-02 6.467E-02 8.387E-04 3.457E-02 -2.951E-02 6.471E-02 4.977E-05 3.504E-02 0 8 9 10
20210324:030000 523 73 5 70 4 -3.549E-02 6.564E-02 3.632E-03 3.460E-02 -3.142E-02 6.467E-02 8.387E-04 3.457E-02 0 8 9 10
20210325:030000 523 73 5 85 4 -3.727E-02 6.593E-02 1.782E-03 3.527E-02 -3.549E-02 6.564E-02 3.632E-03 3.460E-02 0 8 9 10
20210326:030000 523 73 5 98 4 -4.170E-02 6.935E-02 1.608E-03 3.607E-02 -3.727E-02 6.593E-02 1.782E-03 3.527E-02 0 8 9 10
20210327:030000 523 73 5 95 4 -4.441E-02 6.049E-02 1.332E-02 2.529E-02 -4.170E-02 6.935E-02 1.608E-03 3.607E-02 0 8 9 10
20210328:030000 523 73 5 54 4 -4.786E-02 5.566E-02 9.419E-03 2.122E-02 -4.441E-02 6.049E-02 1.332E-02 2.529E-02 0 8 9 10
20210329:030000 523 73 5 71 4 -4.839E-02 5.289E-02 5.809E-03 1.884E-02 -4.786E-02 5.566E-02 9.419E-03 2.122E-02 0 8 9 10
20210330:030000 523 73 5 81 4 -4.984E-02 5.337E-02 4.451E-03 1.867E-02 -4.839E-02 5.289E-02 5.809E-03 1.884E-02 0 8 9 10
20210331:030000 523 73 5 82 4 -5.676E-02 5.687E-02 4.981E-03 2.118E-02 -4.984E-02 5.337E-02 4.451E-03 1.867E-02 0 8 9 10
20210401:030000 523 73 5 101 4 -6.426E-02 5.755E-02 1.183E-02 2.228E-02 -5.676E-02 5.687E-02 4.981E-03 2.118E-02 0 8 9 10
20210402:030000 523 73 5 54 4 -6.174E-02 5.983E-02 1.249E-02 2.371E-02 -6.426E-02 5.755E-02 1.183E-02 2.228E-02 0 8 9 10
20210403:030000 523 73 5 71 4 -5.892E-02 5.982E-02 8.482E-03 2.179E-02 -6.174E-02 5.983E-02 1.249E-02 2.371E-02 0 8 9 10
20210404:030000 523 73 5 66 4 -6.021E-02 5.713E-02 4.853E-03 1.893E-02 -5.892E-02 5.982E-02 8.482E-03 2.179E-02 0 8 9 10
20210405:030000 523 73 5 62 4 -6.394E-02 5.423E-02 2.961E-03 1.708E-02 -6.021E-02 5.713E-02 4.853E-03 1.893E-02 0 8 9 10
20210406:030000 523 73 5 68 4 -6.645E-02 5.534E-02 1.964E-03 1.792E-02 -6.394E-02 5.423E-02 2.961E-03 1.708E-02 0 8 9 10
20210407:030000 523 73 5 36 4 -6.633E-02 5.599E-02 3.060E-03 1.891E-02 -6.645E-02 5.534E-02 1.964E-03 1.792E-02 0 8 9 10
20210408:030000 523 73 5 37 4 -6.391E-02 5.787E-02 3.649E-03 2.051E-02 -6.633E-02 5.599E-02 3.060E-03 1.891E-02 0 8 9 10
20210409:030000 523 73 5 50 4 -6.724E-02 5.744E-02 6.648E-03 2.149E-02 -6.391E-02 5.787E-02 3.649E-03 2.051E-02 0 8 9 10
20210410:030000 523 73 5 44 4 -6.908E-02 5.788E-02 3.690E-03 2.150E-02 -6.724E-02 5.744E-02 6.648E-03 2.149E-02 0 8 9 10
