20210314:090000 5 3 6 28 5 -3.617E-01 2.525E-01 -1.488E-01 -8.134E-02 -8.762E-02 -3.592E-01 2.500E-01 -1.505E-01 -8.044E-02 -8.891E-02 0 1 8 9 10
20210314:210000 5 3 6 94 5 -5.655E-01 1.947E-01 2.324E-03 -2.854E-02 9.093E-04 -5.632E-01 1.932E-01 5.929E-03 -2.734E-02 3.755E-03 0 1 8 9 10
20210315:090000 5 3 6 39 5 -3.635E-01 2.539E-01 -1.504E-01 -8.227E-02 -8.895E-02 -3.617E-01 2.525E-01 -1.488E-01 -8.134E-02 -8.762E-02 0 1 8 9 10
20210315:210000 5 3 6 40 5 -5.671E-01 1.961E-01 1.654E-03 -2.920E-02 1.327E-04 -5.655E-01 1.947E-01 2.324E-03 -2.854E-02 9.093E-04 0 1 8 9 10
20210316:090000 5 3 6 41 5 -3.656E-01 2.559E-01 -1.530E-01 -8.425E-02 -9.119E-02 -3.635E-01 2.539E-01 -1.504E-01 -8.227E-02 -8.895E-02 0 1 8 9 10
20210316:210000 5 3 6 51 5 -5.695E-01 1.988E-01 -3.578E-04 -3.098E-02 -1.484E-03 -5.671E-01 1.961E-01 1.654E-03 -2.920E-02 1.327E-04 0 1 8 9 10
20210317:090000 5 3 6 68 5 -3.677E-01 2.577E-01 -1.524E-01 -8.509E-02 -9.063E-02 -3.656E-01 2.559E-01 -1.530E-01 -8.425E-02 -9.119E-02 0 1 8 9 10
20210317:210000 5 3 6 51 5 -5.712E-01 1.998E-01 -4.461E-04 -3.166E-02 -1.806E-03 -5.695E-01 1.988E-01 -3.578E-04 -3.098E-02 -1.484E-03 0 1 8 9 10
20210318:090000 5 3 6 35 5 -3.699E-01 2.591E-01 -1.527E-01 -8.603E-02 -9.066E-02 -3.677E-01 2.577E-01 -1.524E-01 -8.509E-02 -9.063E-02 0 1 8 9 10
20210318:210000 5 3 6 106 5 -5.757E-01 2.015E-01 -1.493E-03 -3.454E-02 -2.630E-03 -5.712E-01 1.998E-01 -4.461E-04 -3.166E-02 -1.806E-03 0 1 8 9 10
20210319:090000 5 3 6 32 5 -3.719E-01 2.602E-01 -1.540E-01 -8.705E-02 -9.177E-02 -3.699E-01 2.591E-01 -1.527E-01 -8.603E-02 -9.066E-02 0 1 8 9 10
20210319:210000 5 3 6 75 5 -5.779E-01 2.027E-01 -3.766E-03 -3.652E-02 -4.338E-03 -5.757E-01 2.015E-01 -1.493E-03 -3.454E-02 -2.630E-03 0 1 8 9 10
20210320:090000 5 3 6 27 5 -3.734E-01 2.612E-01 -1.553E-01 -8.761E-02 -9.278E-02 -3.719E-01 2.602E-01 -1.540E-01 -8.705E-02 -9.177E-02 0 1 8 9 10
20210320:210000 5 3 6 40 5 -5.804E-01 2.044E-01 -5.597E-03 -3.734E-02 -5.873E-03 -5.779E-01 2.027E-01 -3.766E-03 -3.652E-02 -4.338E-03 0 1 8 9 10
20210321:090000 5 3 6 31 5 -3.753E-01 2.627E-01 -1.571E-01 -8.846E-02 -9.418E-02 -3.734E-01 2.612E-01 -1.553E-01 -8.761E-02 -9.278E-02 0 1 8 9 10
20210321:210000 5 3 6 34 5 -5.833E-01 2.068E-01 -8.024E-03 -3.914E-02 -7.863E-03 -5.804E-01 2.044E-01 -5.597E-03 -3.734E-02 -5.873E-03 0 1 8 9 10
20210322:090000 5 3 6 61 5 -3.808E-01 2.659E-01 -1.550E-01 -9.036E-02 -9.243E-02 -3.753E-01 2.627E-01 -1.571E-01 -8.846E-02 -9.418E-02 0 1 8 9 10
20210322:210000 5 3 6 33 5 -5.851E-01 2.076E-01 -8.785E-03 -4.024E-02 -8.395E-03 -5.833E-01 2.068E-01 -8.024E-03 -3.914E-02 -7.863E-03 0 1 8 9 10
20210323:090000 5 3 6 26 5 -3.831E-01 2.674E-01 -1.532E-01 -9.150E-02 -9.085E-02 -3.808E-01 2.659E-01 -1.550E-01 -9.036E-02 -9.243E-02 0 1 8 9 10
20210323:210000 5 3 6 65 5 -5.889E-01 2.092E-01 -1.200E-02 -4.238E-02 -1.080E-02 -5.851E-01 2.076E-01 -8.785E-03 -4.024E-02 -8.395E-03 0 1 8 9 10
20210324:090000 5 3 6 32 5 -3.861E-01 2.691E-01 -1.530E-01 -9.164E-02 -9.087E-02 -3.831E-01 2.674E-01 -1.532E-01 -9.150E-02 -9.085E-02 0 1 8 9 10
20210324:210000 5 3 6 60 5 -5.907E-01 2.099E-01 -1.455E-02 -4.429E-02 -1.276E-02 -5.889E-01 2.092E-01 -1.200E-02 -4.238E-02 -1.080E-02 0 1 8 9 10
20210325:090000 5 3 6 41 5 -3.885E-01 2.707E-01 -1.541E-01 -9.143E-02 -9.169E-02 -3.861E-01 2.691E-01 -1.530E-01 -9.164E-02 -9.087E-02 0 1 8 9 10
20210325:210000 5 3 6 53 5 -5.946E-01 2.126E-01 -1.771E-02 -4.642E-02 -1.538E-02 -5.907E-01 2.099E-01 -1.455E-02 -4.429E-02 -1.276E-02 0 1 8 9 10
20210326:090000 5 3 6 38 5 -3.912E-01 2.724E-01 -1.566E-01 -9.240E-02 -9.349E-02 -3.885E-01 2.707E-01 -1.541E-01 -9.143E-02 -9.169E-02 0 1 8 9 10
20210326:210000 5 3 6 68 5 -5.962E-01 2.130E-01 -2.117E-02 -4.835E-02 -1.811E-02 -5.946E-01 2.126E-01 -1.771E-02 -4.642E-02 -1.538E-02 0 1 8 9 10
20210327:090000 5 3 6 90 5 -3.943E-01 2.752E-01 -1.553E-01 -9.593E-02 -9.232E-02 -3.912E-01 2.724E-01 -1.566E-01 -9.240E-02 -9.349E-02 0 1 8 9 10
20210327:210000 5 3 6 50 5 -5.980E-01 2.141E-01 -2.098E-02 -4.984E-02 -1.793E-02 -5.962E-01 2.130E-01 -2.117E-02 -4.835E-02 -1.811E-02 0 1 8 9 10
20210328:090000 5 3 6 19 5 -3.962E-01 2.764E-01 -1.540E-01 -9.673E-02 -9.135E-02 -3.943E-01 2.752E-01 -1.553E-01 -9.593E-02 -9.232E-02 0 1 8 9 10
20210328:210000 5 3 6 96 5 -6.030E-01 2.155E-01 -2.057E-02 -5.135E-02 -1.776E-02 -5.980E-01 2.141E-01 -2.098E-02 -4.984E-02 -1.793E-02 0 1 8 9 10
20210329:090000 5 3 6 32 5 -4.002E-01 2.773E-01 -1.544E-01 -9.629E-02 -9.196E-02 -3.962E-01 2.764E-01 -1.540E-01 -9.673E-02 -9.135E-02 0 1 8 9 10
20210329:210000 5 3 6 32 5 -6.054E-01 2.158E-01 -2.270E-02 -5.230E-02 -1.940E-02 -6.030E-01 2.155E-01 -2.057E-02 -5.135E-02 -1.776E-02 0 1 8 9 10
20210330:090000 5 3 6 66 5 -4.049E-01 2.782E-01 -1.562E-01 -9.485E-02 -9.311E-02 -4.002E-01 2.773E-01 -1.544E-01 -9.629E-02 -9.196E-02 0 1 8 9 10
20210330:210000 5 3 6 62 5 -6.099E-01 2.167E-01 -2.686E-02 -5.435E-02 -2.241E-02 -6.054E-01 2.158E-01 -2.270E-02 -5.230E-02 -1.940E-02 0 1 8 9 10
20210331:090000 5 3 6 27 5 -4.072E-01 2.788E-01 -1.579E-01 -9.466E-02 -9.388E-02 -4.049E-01 2.782E-01 -1.562E-01 -9.485E-02 -9.311E-02 0 1 8 9 10
20210331:210000 5 3 6 84 5 -6.135E-01 2.179E-01 -2.780E-02 -5.515E-02 -2.307E-02 -6.099E-01 2.167E-01 -2.686E-02 -5.435E-02 -2.241E-02 0 1 8 9 10
20210401:090000 5 3 6 58 5 -4.122E-01 2.809E-01 -1.554E-01 -9.602E-02 -9.177E-02 -4.072E-01 2.788E-01 -1.579E-01 -9.466E-02 -9.388E-02 0 1 8 9 10
20210401:210000 5 3 6 49 5 -6.158E-01 2.186E-01 -2.810E-02 -5.613E-02 -2.351E-02 -6.135E-01 2.179E-01 -2.780E-02 -5.515E-02 -2.307E-02 0 1 8 9 10
20210402:090000 5 3 6 56 5 -4.177E-01 2.837E-01 -1.525E-01 -9.722E-02 -8.923E-02 -4.122E-01 2.809E-01 -1.554E-01 -9.602E-02 -9.177E-02 0 1 8 9 10
20210402:210000 5 3 6 94 5 -6.181E-01 2.190E-01 -3.012E-02 -5.767E-02 -2.498E-02 -6.158E-01 2.186E-01 -2.810E-02 -5.613E-02 -2.351E-02 0 1 8 9 10
20210403:090000 5 3 6 49 5 -4.210E-01 2.853E-01 -1.538E-01 -9.783E-02 -9.042E-02 -4.177E-01 2.837E-01 -1.525E-01 -9.722E-02 -8.923E-02 0 1 8 9 10
20210403:210000 5 3 6 37 5 -6.201E-01 2.200E-01 -3.202E-02 -5.868E-02 -2.641E-02 -6.181E-01 2.190E-01 -3.012E-02 -5.767E-02 -2.498E-02 0 1 8 9 10
20210404:090000 5 3 6 46 5 -4.239E-01 2.869E-01 -1.563E-01 -9.862E-02 -9.222E-02 -4.210E-01 2.853E-01 -1.538E-01 -9.783E-02 -9.042E-02 0 1 8 9 10
20210404:210000 5 3 6 29 5 -6.225E-01 2.212E-01 -3.358E-02 -5.991E-02 -2.771E-02 -6.201E-01 2.200E-01 -3.202E-02 -5.868E-02 -2.641E-02 0 1 8 9 10
20210405:090000 5 3 6 32 5 -4.258E-01 2.881E-01 -1.578E-01 -9.977E-02 -9.334E-02 -4.239E-01 2.869E-01 -1.563E-01 -9.862E-02 -9.222E-02 0 1 8 9 10
20210405:210000 5 3 6 45 5 -6.225E-01 2.204E-01 -3.251E-02 -6.041E-02 -2.692E-02 -6.225E-01 2.212E-01 -3.358E-02 -5.991E-02 -2.771E-02 0 1 8 9 10
20210406:090000 5 3 6 57 5 -4.280E-01 2.901E-01 -1.572E-01 -1.002E-01 -9.265E-02 -4.258E-01 2.881E-01 -1.578E-01 -9.977E-02 -9.334E-02 0 1 8 9 10
20210406:210000 5 3 6 47 5 -6.229E-01 2.200E-01 -3.471E-02 -6.213E-02 -2.885E-02 -6.225E-01 2.204E-01 -3.251E-02 -6.041E-02 -2.692E-02 0 1 8 9 10
20210407:090000 5 3 6 33 5 -4.286E-01 2.907E-01 -1.569E-01 -1.007E-01 -9.245E-02 -4.280E-01 2.901E-01 -1.572E-01 -1.002E-01 -9.265E-02 0 1 8 9 10
20210407:210000 5 3 6 97 5 -6.226E-01 2.192E-01 -3.577E-02 -6.317E-02 -2.967E-02 -6.229E-01 2.200E-01 -3.471E-02 -6.213E-02 -2.885E-02 0 1 8 9 10
20210408:090000 5 3 6 24 5 -4.293E-01 2.910E-01 -1.574E-01 -1.011E-01 -9.294E-02 -4.286E-01 2.907E-01 -1.569E-01 -1.007E-01 -9.245E-02 0 1 8 9 10
20210408:210000 5 3 6 25 5 -6.235E-01 2.196E-01 -3.708E-02 -6.421E-02 -3.070E-02 -6.226E-01 2.192E-01 -3.577E-02 -6.317E-02 -2.967E-02 0 1 8 9 10
20210409:090000 5 3 6 36 5 -4.314E-01 2.923E-01 -1.590E-01 -1.015E-01 -9.416E-02 -4.293E-01 2.910E-01 -1.574E-01 -1.011E-01 -9.294E-02 0 1 8 9 10
20210409:210000 5 3 6 71 5 -6.245E-01 2.193E-01 -3.872E-02 -6.586E-02 -3.192E-02 -6.235E-01 2.196E-01 -3.708E-02 -6.421E-02 -3.070E-02 0 1 8 9 10
20210410:090000 5 3 6 58 5 -4.337E-01 2.930E-01 -1.578E-01 -1.034E-01 -9.315E-02 -4.314E-01 2.923E-01 -1.590E-01 -1.015E-01 -9.416E-02 0 1 8 9 10
20210410:210000 5 3 6 82 5 -6.248E-01 2.183E-01 -4.057E-02 -6.694E-02 -3.314E-02 -6.245E-01 2.193E-01 -3.872E-02 -6.586E-02 -3.192E-02 0 1 8 9 10
