20210314:090000 5 3 7 29 5 -4.450E-01 3.060E-01 -1.446E-01 -2.920E-02 -6.675E-02 -4.432E-01 3.042E-01 -1.462E-01 -2.849E-02 -6.814E-02 0 1 8 9 10
20210314:210000 5 3 7 99 5 -7.461E-01 1.952E-01 2.233E-02 1.244E-01 1.197E-02 -7.446E-01 1.951E-01 2.696E-02 1.265E-01 1.559E-02 0 1 8 9 10
20210315:090000 5 3 7 40 5 -4.480E-01 3.087E-01 -1.460E-01 -2.923E-02 -6.782E-02 -4.450E-01 3.060E-01 -1.446E-01 -2.920E-02 -6.675E-02 0 1 8 9 10
20210315:210000 5 3 7 43 5 -7.488E-01 1.977E-01 2.077E-02 1.234E-01 1.059E-02 -7.461E-01 1.952E-01 2.233E-02 1.244E-01 1.197E-02 0 1 8 9 10
20210316:090000 5 3 7 41 5 -4.492E-01 3.100E-01 -1.466E-01 -2.901E-02 -6.821E-02 -4.480E-01 3.087E-01 -1.460E-01 -2.923E-02 -6.782E-02 0 1 8 9 10
20210316:210000 5 3 7 54 5 -7.514E-01 2.004E-01 1.896E-02 1.225E-01 9.339E-03 -7.488E-01 1.977E-01 2.077E-02 1.234E-01 1.059E-02 0 1 8 9 10
20210317:090000 5 3 7 69 5 -4.558E-01 3.148E-01 -1.454E-01 -2.671E-02 -6.718E-02 -4.492E-01 3.100E-01 -1.466E-01 -2.901E-02 -6.821E-02 0 1 8 9 10
20210317:210000 5 3 7 54 5 -7.521E-01 2.003E-01 1.794E-02 1.207E-01 8.437E-03 -7.514E-01 2.004E-01 1.896E-02 1.225E-01 9.339E-03 0 1 8 9 10
20210318:090000 5 3 7 35 5 -4.596E-01 3.171E-01 -1.464E-01 -2.706E-02 -6.768E-02 -4.558E-01 3.148E-01 -1.454E-01 -2.671E-02 -6.718E-02 0 1 8 9 10
20210318:210000 5 3 7 108 5 -7.571E-01 2.019E-01 1.323E-02 1.184E-01 5.015E-03 -7.521E-01 2.003E-01 1.794E-02 1.207E-01 8.437E-03 0 1 8 9 10
20210319:090000 5 3 7 33 5 -4.622E-01 3.183E-01 -1.484E-01 -2.738E-02 -6.892E-02 -4.596E-01 3.171E-01 -1.464E-01 -2.706E-02 -6.768E-02 0 1 8 9 10
20210319:210000 5 3 7 80 5 -7.604E-01 2.036E-01 1.086E-02 1.174E-01 3.408E-03 -7.571E-01 2.019E-01 1.323E-02 1.184E-01 5.015E-03 0 1 8 9 10
20210320:090000 5 3 7 27 5 -4.647E-01 3.201E-01 -1.502E-01 -2.776E-02 -7.023E-02 -4.622E-01 3.183E-01 -1.484E-01 -2.738E-02 -6.892E-02 0 1 8 9 10
20210320:210000 5 3 7 41 5 -7.633E-01 2.055E-01 9.077E-03 1.158E-01 1.777E-03 -7.604E-01 2.036E-01 1.086E-02 1.174E-01 3.408E-03 0 1 8 9 10
20210321:090000 5 3 7 31 5 -4.664E-01 3.215E-01 -1.514E-01 -2.776E-02 -7.098E-02 -4.647E-01 3.201E-01 -1.502E-01 -2.776E-02 -7.023E-02 0 1 8 9 10
20210321:210000 5 3 7 36 5 -7.662E-01 2.076E-01 7.856E-03 1.140E-01 8.748E-04 -7.633E-01 2.055E-01 9.077E-03 1.158E-01 1.777E-03 0 1 8 9 10
20210322:090000 5 3 7 61 5 -4.727E-01 3.247E-01 -1.486E-01 -2.811E-02 -6.826E-02 -4.664E-01 3.215E-01 -1.514E-01 -2.776E-02 -7.098E-02 0 1 8 9 10
20210322:210000 5 3 7 36 5 -7.692E-01 2.089E-01 8.834E-03 1.122E-01 1.996E-03 -7.662E-01 2.076E-01 7.856E-03 1.140E-01 8.748E-04 0 1 8 9 10
20210323:090000 5 3 7 27 5 -4.763E-01 3.269E-01 -1.469E-01 -2.948E-02 -6.659E-02 -4.727E-01 3.247E-01 -1.486E-01 -2.811E-02 -6.826E-02 0 1 8 9 10
20210323:210000 5 3 7 66 5 -7.742E-01 2.112E-01 8.870E-03 1.093E-01 2.461E-03 -7.692E-01 2.089E-01 8.834E-03 1.122E-01 1.996E-03 0 1 8 9 10
20210324:090000 5 3 7 32 5 -4.801E-01 3.289E-01 -1.459E-01 -2.893E-02 -6.589E-02 -4.763E-01 3.269E-01 -1.469E-01 -2.948E-02 -6.659E-02 0 1 8 9 10
20210324:210000 5 3 7 61 5 -7.751E-01 2.112E-01 6.386E-03 1.070E-01 7.135E-04 -7.742E-01 2.112E-01 8.870E-03 1.093E-01 2.461E-03 0 1 8 9 10
20210325:090000 5 3 7 43 5 -4.840E-01 3.315E-01 -1.471E-01 -2.737E-02 -6.656E-02 -4.801E-01 3.289E-01 -1.459E-01 -2.893E-02 -6.589E-02 0 1 8 9 10
20210325:210000 5 3 7 53 5 -7.770E-01 2.126E-01 4.178E-03 1.052E-01 -1.046E-03 -7.751E-01 2.112E-01 6.386E-03 1.070E-01 7.135E-04 0 1 8 9 10
20210326:090000 5 3 7 39 5 -4.865E-01 3.332E-01 -1.491E-01 -2.763E-02 -6.781E-02 -4.840E-01 3.315E-01 -1.471E-01 -2.737E-02 -6.656E-02 0 1 8 9 10
20210326:210000 5 3 7 71 5 -7.773E-01 2.122E-01 9.150E-04 1.037E-01 -3.740E-03 -7.770E-01 2.126E-01 4.178E-03 1.052E-01 -1.046E-03 0 1 8 9 10
20210327:090000 5 3 7 92 5 -4.929E-01 3.379E-01 -1.493E-01 -2.628E-02 -6.721E-02 -4.865E-01 3.332E-01 -1.491E-01 -2.763E-02 -6.781E-02 0 1 8 9 10
20210327:210000 5 3 7 56 5 -7.780E-01 2.121E-01 2.345E-03 1.020E-01 -2.836E-03 -7.773E-01 2.122E-01 9.150E-04 1.037E-01 -3.740E-03 0 1 8 9 10
20210328:090000 5 3 7 21 5 -4.957E-01 3.395E-01 -1.479E-01 -2.693E-02 -6.587E-02 -4.929E-01 3.379E-01 -1.493E-01 -2.628E-02 -6.721E-02 0 1 8 9 10
20210328:210000 5 3 7 98 5 -7.847E-01 2.137E-01 3.501E-04 1.007E-01 -3.850E-03 -7.780E-01 2.121E-01 2.345E-03 1.020E-01 -2.836E-03 0 1 8 9 10
20210329:090000 5 3 7 33 5 -5.011E-01 3.407E-01 -1.483E-01 -2.617E-02 -6.667E-02 -4.957E-01 3.395E-01 -1.479E-01 -2.693E-02 -6.587E-02 0 1 8 9 10
20210329:210000 5 3 7 32 5 -7.871E-01 2.141E-01 -2.117E-03 9.925E-02 -5.818E-03 -7.847E-01 2.137E-01 3.501E-04 1.007E-01 -3.850E-03 0 1 8 9 10
20210330:090000 5 3 7 67 5 -5.109E-01 3.425E-01 -1.507E-01 -2.154E-02 -6.808E-02 -5.011E-01 3.407E-01 -1.483E-01 -2.617E-02 -6.667E-02 0 1 8 9 10
20210330:210000 5 3 7 62 5 -7.926E-01 2.152E-01 -7.005E-03 9.695E-02 -9.294E-03 -7.871E-01 2.141E-01 -2.117E-03 9.925E-02 -5.818E-03 0 1 8 9 10
20210331:090000 5 3 7 28 5 -5.143E-01 3.433E-01 -1.529E-01 -2.061E-02 -6.886E-02 -5.109E-01 3.425E-01 -1.507E-01 -2.154E-02 -6.808E-02 0 1 8 9 10
20210331:210000 5 3 7 87 5 -7.974E-01 2.166E-01 -8.763E-03 9.551E-02 -1.013E-02 -7.926E-01 2.152E-01 -7.005E-03 9.695E-02 -9.294E-03 0 1 8 9 10
20210401:090000 5 3 7 60 5 -5.219E-01 3.461E-01 -1.512E-01 -2.048E-02 -6.671E-02 -5.143E-01 3.433E-01 -1.529E-01 -2.061E-02 -6.886E-02 0 1 8 9 10
20210401:210000 5 3 7 51 5 -7.997E-01 2.172E-01 -7.448E-03 9.385E-02 -9.110E-03 -7.974E-01 2.166E-01 -8.763E-03 9.551E-02 -1.013E-02 0 1 8 9 10
20210402:090000 5 3 7 56 5 -5.283E-01 3.488E-01 -1.494E-01 -2.058E-02 -6.468E-02 -5.219E-01 3.461E-01 -1.512E-01 -2.048E-02 -6.671E-02 0 1 8 9 10
20210402:210000 5 3 7 97 5 -8.008E-01 2.169E-01 -9.671E-03 9.239E-02 -1.070E-02 -7.997E-01 2.172E-01 -7.448E-03 9.385E-02 -9.110E-03 0 1 8 9 10
20210403:090000 5 3 7 52 5 -5.319E-01 3.505E-01 -1.515E-01 -2.065E-02 -6.613E-02 -5.283E-01 3.488E-01 -1.494E-01 -2.058E-02 -6.468E-02 0 1 8 9 10
20210403:210000 5 3 7 37 5 -8.028E-01 2.179E-01 -1.175E-02 9.143E-02 -1.226E-02 -8.008E-01 2.169E-01 -9.671E-03 9.239E-02 -1.070E-02 0 1 8 9 10
20210404:090000 5 3 7 47 5 -5.352E-01 3.524E-01 -1.536E-01 -2.051E-02 -6.748E-02 -5.319E-01 3.505E-01 -1.515E-01 -2.065E-02 -6.613E-02 0 1 8 9 10
20210404:210000 5 3 7 33 5 -8.050E-01 2.189E-01 -1.276E-02 9.064E-02 -1.307E-02 -8.028E-01 2.179E-01 -1.175E-02 9.143E-02 -1.226E-02 0 1 8 9 10
20210405:090000 5 3 7 35 5 -5.361E-01 3.521E-01 -1.543E-01 -2.063E-02 -6.781E-02 -5.352E-01 3.524E-01 -1.536E-01 -2.051E-02 -6.748E-02 0 1 8 9 10
20210405:210000 5 3 7 49 5 -8.035E-01 2.163E-01 -1.207E-02 9.014E-02 -1.281E-02 -8.050E-01 2.189E-01 -1.276E-02 9.064E-02 -1.307E-02 0 1 8 9 10
20210406:090000 5 3 7 63 5 -5.378E-01 3.525E-01 -1.529E-01 -1.941E-02 -6.620E-02 -5.361E-01 3.521E-01 -1.543E-01 -2.063E-02 -6.781E-02 0 1 8 9 10
20210406:210000 5 3 7 49 5 -8.036E-01 2.155E-01 -1.482E-02 8.766E-02 -1.519E-02 -8.035E-01 2.163E-01 -1.207E-02 9.014E-02 -1.281E-02 0 1 8 9 10
20210407:090000 5 3 7 34 5 -5.379E-01 3.525E-01 -1.529E-01 -1.952E-02 -6.624E-02 -5.378E-01 3.525E-01 -1.529E-01 -1.941E-02 -6.620E-02 0 1 8 9 10
20210407:210000 5 3 7 99 5 -8.014E-01 2.119E-01 -1.897E-02 8.709E-02 -1.848E-02 -8.036E-01 2.155E-01 -1.482E-02 8.766E-02 -1.519E-02 0 1 8 9 10
20210408:090000 5 3 7 26 5 -5.389E-01 3.530E-01 -1.533E-01 -1.964E-02 -6.672E-02 -5.379E-01 3.525E-01 -1.529E-01 -1.952E-02 -6.624E-02 0 1 8 9 10
20210408:210000 5 3 7 27 5 -8.022E-01 2.122E-01 -1.959E-02 8.655E-02 -1.894E-02 -8.014E-01 2.119E-01 -1.897E-02 8.709E-02 -1.848E-02 0 1 8 9 10
20210409:090000 5 3 7 37 5 -5.411E-01 3.541E-01 -1.545E-01 -1.937E-02 -6.747E-02 -5.389E-01 3.530E-01 -1.533E-01 -1.964E-02 -6.672E-02 0 1 8 9 10
20210409:210000 5 3 7 72 5 -8.012E-01 2.103E-01 -2.143E-02 8.449E-02 -2.035E-02 -8.022E-01 2.122E-01 -1.959E-02 8.655E-02 -1.894E-02 0 1 8 9 10
20210410:090000 5 3 7 62 5 -5.427E-01 3.547E-01 -1.529E-01 -2.101E-02 -6.617E-02 -5.411E-01 3.541E-01 -1.545E-01 -1.937E-02 -6.747E-02 0 1 8 9 10
20210410:210000 5 3 7 84 5 -8.009E-01 2.088E-01 -2.371E-02 8.330E-02 -2.176E-02 -8.012E-01 2.103E-01 -2.143E-02 8.449E-02 -2.035E-02 0 1 8 9 10
