20210314:090000 3 15 5 94 5 -6.818E-01 7.572E-02 -1.627E-01 1.721E-01 -5.853E-02 -6.661E-01 5.830E-02 -1.523E-01 1.689E-01 -5.462E-02 0 1 8 9 10
20210314:210000 3 15 5 199 5 -7.423E-01 1.662E-01 1.065E-01 9.923E-02 -7.797E-02 -7.560E-01 1.778E-01 1.194E-01 1.018E-01 -6.829E-02 0 1 8 9 10
20210315:090000 3 15 5 261 5 -6.476E-01 5.462E-02 -1.554E-01 1.449E-01 -6.071E-02 -6.818E-01 7.572E-02 -1.627E-01 1.721E-01 -5.853E-02 0 1 8 9 10
20210315:210000 3 15 5 287 5 -7.193E-01 1.372E-01 9.113E-02 7.592E-02 -8.872E-02 -7.423E-01 1.662E-01 1.065E-01 9.923E-02 -7.797E-02 0 1 8 9 10
20210316:090000 3 15 5 259 5 -6.462E-01 5.779E-02 -1.455E-01 1.661E-01 -4.511E-02 -6.476E-01 5.462E-02 -1.554E-01 1.449E-01 -6.071E-02 0 1 8 9 10
20210316:210000 3 15 5 230 5 -7.016E-01 1.218E-01 9.147E-02 6.087E-02 -8.911E-02 -7.193E-01 1.372E-01 9.113E-02 7.592E-02 -8.872E-02 0 1 8 9 10
20210317:090000 3 15 5 197 5 -6.408E-01 5.169E-02 -1.506E-01 1.527E-01 -5.057E-02 -6.462E-01 5.779E-02 -1.455E-01 1.661E-01 -4.511E-02 0 1 8 9 10
20210317:210000 3 15 5 108 5 -6.956E-01 1.191E-01 8.774E-02 5.359E-02 -9.297E-02 -7.016E-01 1.218E-01 9.147E-02 6.087E-02 -8.911E-02 0 1 8 9 10
20210318:090000 3 15 5 146 5 -6.297E-01 3.840E-02 -1.484E-01 1.432E-01 -5.213E-02 -6.408E-01 5.169E-02 -1.506E-01 1.527E-01 -5.057E-02 0 1 8 9 10
20210318:210000 3 15 5 187 5 -6.943E-01 1.249E-01 7.799E-02 5.462E-02 -9.608E-02 -6.956E-01 1.191E-01 8.774E-02 5.359E-02 -9.297E-02 0 1 8 9 10
20210319:090000 3 15 5 108 5 -6.232E-01 3.477E-02 -1.474E-01 1.387E-01 -5.291E-02 -6.297E-01 3.840E-02 -1.484E-01 1.432E-01 -5.213E-02 0 1 8 9 10
20210319:210000 3 15 5 211 5 -6.681E-01 1.095E-01 6.157E-02 4.052E-02 -1.084E-01 -6.943E-01 1.249E-01 7.799E-02 5.462E-02 -9.608E-02 0 1 8 9 10
20210320:090000 3 15 5 224 5 -5.828E-01 1.631E-02 -1.410E-01 1.061E-01 -5.452E-02 -6.232E-01 3.477E-02 -1.474E-01 1.387E-01 -5.291E-02 0 1 8 9 10
20210320:210000 3 15 5 247 5 -6.415E-01 9.121E-02 4.533E-02 3.062E-02 -1.191E-01 -6.681E-01 1.095E-01 6.157E-02 4.052E-02 -1.084E-01 0 1 8 9 10
20210321:090000 3 15 5 260 5 -5.609E-01 1.905E-03 -1.355E-01 9.734E-02 -5.365E-02 -5.828E-01 1.631E-02 -1.410E-01 1.061E-01 -5.452E-02 0 1 8 9 10
20210321:210000 3 15 5 235 5 -6.332E-01 8.755E-02 4.708E-02 3.115E-02 -1.180E-01 -6.415E-01 9.121E-02 4.533E-02 3.062E-02 -1.191E-01 0 1 8 9 10
20210322:090000 3 15 5 176 5 -5.465E-01 -6.291E-03 -1.268E-01 9.205E-02 -5.067E-02 -5.609E-01 1.905E-03 -1.355E-01 9.734E-02 -5.365E-02 0 1 8 9 10
20210322:210000 3 15 5 137 5 -6.211E-01 8.241E-02 4.863E-02 2.343E-02 -1.181E-01 -6.332E-01 8.755E-02 4.708E-02 3.115E-02 -1.180E-01 0 1 8 9 10
20210323:090000 3 15 5 134 5 -5.481E-01 -5.030E-03 -1.303E-01 8.922E-02 -5.278E-02 -5.465E-01 -6.291E-03 -1.268E-01 9.205E-02 -5.067E-02 0 1 8 9 10
20210323:210000 3 15 5 191 5 -6.130E-01 8.282E-02 4.965E-02 1.799E-02 -1.182E-01 -6.211E-01 8.241E-02 4.863E-02 2.343E-02 -1.181E-01 0 1 8 9 10
20210324:090000 3 15 5 200 5 -5.415E-01 -9.002E-03 -1.360E-01 8.219E-02 -5.848E-02 -5.481E-01 -5.030E-03 -1.303E-01 8.922E-02 -5.278E-02 0 1 8 9 10
20210324:210000 3 15 5 303 5 -5.894E-01 7.270E-02 4.377E-02 4.379E-03 -1.249E-01 -6.130E-01 8.282E-02 4.965E-02 1.799E-02 -1.182E-01 0 1 8 9 10
20210325:090000 3 15 5 229 5 -5.321E-01 -1.609E-02 -1.386E-01 7.066E-02 -6.188E-02 -5.415E-01 -9.002E-03 -1.360E-01 8.219E-02 -5.848E-02 0 1 8 9 10
20210325:210000 3 15 5 274 5 -5.804E-01 6.618E-02 4.259E-02 -6.656E-05 -1.277E-01 -5.894E-01 7.270E-02 4.377E-02 4.379E-03 -1.249E-01 0 1 8 9 10
20210326:090000 3 15 5 239 5 -5.218E-01 -2.189E-02 -1.446E-01 5.849E-02 -6.834E-02 -5.321E-01 -1.609E-02 -1.386E-01 7.066E-02 -6.188E-02 0 1 8 9 10
20210326:210000 3 15 5 256 5 -5.890E-01 8.237E-02 5.190E-02 -1.661E-02 -1.166E-01 -5.804E-01 6.618E-02 4.259E-02 -6.656E-05 -1.277E-01 0 1 8 9 10
20210327:090000 3 15 5 164 5 -5.430E-01 -2.998E-03 -1.385E-01 8.380E-02 -5.982E-02 -5.218E-01 -2.189E-02 -1.446E-01 5.849E-02 -6.834E-02 0 1 8 9 10
20210327:210000 3 15 5 188 5 -5.996E-01 9.167E-02 5.100E-02 -5.055E-03 -1.163E-01 -5.890E-01 8.237E-02 5.190E-02 -1.661E-02 -1.166E-01 0 1 8 9 10
20210328:090000 3 15 5 125 5 -5.417E-01 -3.763E-03 -1.353E-01 8.797E-02 -5.674E-02 -5.430E-01 -2.998E-03 -1.385E-01 8.380E-02 -5.982E-02 0 1 8 9 10
20210328:210000 3 15 5 197 5 -6.413E-01 1.040E-01 6.264E-02 1.987E-02 -1.066E-01 -5.996E-01 9.167E-02 5.100E-02 -5.055E-03 -1.163E-01 0 1 8 9 10
20210329:090000 3 15 5 229 5 -5.507E-01 1.326E-03 -1.548E-01 8.025E-02 -6.797E-02 -5.417E-01 -3.763E-03 -1.353E-01 8.797E-02 -5.674E-02 0 1 8 9 10
20210329:210000 3 15 5 299 5 -6.622E-01 1.103E-01 6.083E-02 2.504E-02 -1.074E-01 -6.413E-01 1.040E-01 6.264E-02 1.987E-02 -1.066E-01 0 1 8 9 10
20210330:090000 3 15 5 228 5 -5.499E-01 3.730E-03 -1.678E-01 6.784E-02 -8.043E-02 -5.507E-01 1.326E-03 -1.548E-01 8.025E-02 -6.797E-02 0 1 8 9 10
20210330:210000 3 15 5 263 5 -6.564E-01 1.121E-01 6.016E-02 1.046E-02 -1.092E-01 -6.622E-01 1.103E-01 6.083E-02 2.504E-02 -1.074E-01 0 1 8 9 10
20210331:090000 3 15 5 248 5 -5.444E-01 3.566E-03 -1.693E-01 6.279E-02 -8.667E-02 -5.499E-01 3.730E-03 -1.678E-01 6.784E-02 -8.043E-02 0 1 8 9 10
20210331:210000 3 15 5 152 5 -6.588E-01 1.172E-01 6.437E-02 1.298E-02 -1.065E-01 -6.564E-01 1.121E-01 6.016E-02 1.046E-02 -1.092E-01 0 1 8 9 10
20210401:090000 3 15 5 156 5 -5.485E-01 6.673E-03 -1.548E-01 8.165E-02 -7.723E-02 -5.444E-01 3.566E-03 -1.693E-01 6.279E-02 -8.667E-02 0 1 8 9 10
20210401:210000 3 15 5 157 5 -6.471E-01 1.144E-01 5.859E-02 5.059E-03 -1.112E-01 -6.588E-01 1.172E-01 6.437E-02 1.298E-02 -1.065E-01 0 1 8 9 10
20210402:090000 3 15 5 119 5 -5.492E-01 5.737E-03 -1.563E-01 8.024E-02 -7.824E-02 -5.485E-01 6.673E-03 -1.548E-01 8.165E-02 -7.723E-02 0 1 8 9 10
20210402:210000 3 15 5 183 5 -6.323E-01 1.112E-01 4.229E-02 -5.629E-03 -1.230E-01 -6.471E-01 1.144E-01 5.859E-02 5.059E-03 -1.112E-01 0 1 8 9 10
20210403:090000 3 15 5 215 5 -5.368E-01 9.678E-04 -1.618E-01 7.117E-02 -8.277E-02 -5.492E-01 5.737E-03 -1.563E-01 8.024E-02 -7.824E-02 0 1 8 9 10
20210403:210000 3 15 5 251 5 -6.114E-01 9.981E-02 3.828E-02 -1.665E-02 -1.252E-01 -6.323E-01 1.112E-01 4.229E-02 -5.629E-03 -1.230E-01 0 1 8 9 10
20210404:090000 3 15 5 209 5 -5.273E-01 -1.935E-03 -1.584E-01 6.860E-02 -8.138E-02 -5.368E-01 9.678E-04 -1.618E-01 7.117E-02 -8.277E-02 0 1 8 9 10
20210404:210000 3 15 5 207 5 -6.144E-01 1.055E-01 3.842E-02 -2.131E-02 -1.236E-01 -6.114E-01 9.981E-02 3.828E-02 -1.665E-02 -1.252E-01 0 1 8 9 10
20210405:090000 3 15 5 217 5 -5.768E-01 4.471E-02 -1.699E-01 8.952E-02 -8.409E-02 -5.273E-01 -1.935E-03 -1.584E-01 6.860E-02 -8.138E-02 0 1 8 9 10
20210405:210000 3 15 5 118 5 -6.148E-01 1.058E-01 3.598E-02 -2.408E-02 -1.252E-01 -6.144E-01 1.055E-01 3.842E-02 -2.131E-02 -1.236E-01 0 1 8 9 10
20210406:090000 3 15 5 159 5 -5.903E-01 5.231E-02 -1.619E-01 1.007E-01 -8.128E-02 -5.768E-01 4.471E-02 -1.699E-01 8.952E-02 -8.409E-02 0 1 8 9 10
20210406:210000 3 15 5 171 5 -6.145E-01 1.084E-01 2.889E-02 -2.414E-02 -1.273E-01 -6.148E-01 1.058E-01 3.598E-02 -2.408E-02 -1.252E-01 0 1 8 9 10
20210407:090000 3 15 5 102 5 -5.892E-01 5.130E-02 -1.605E-01 1.019E-01 -8.002E-02 -5.903E-01 5.231E-02 -1.619E-01 1.007E-01 -8.128E-02 0 1 8 9 10
20210407:210000 3 15 5 204 5 -6.182E-01 1.135E-01 3.156E-02 -2.982E-02 -1.228E-01 -6.145E-01 1.084E-01 2.889E-02 -2.414E-02 -1.273E-01 0 1 8 9 10
20210408:090000 3 15 5 254 5 -5.827E-01 5.612E-02 -1.581E-01 9.416E-02 -7.966E-02 -5.892E-01 5.130E-02 -1.605E-01 1.019E-01 -8.002E-02 0 1 8 9 10
20210408:210000 3 15 5 284 5 -6.229E-01 1.203E-01 3.913E-02 -2.677E-02 -1.186E-01 -6.182E-01 1.135E-01 3.156E-02 -2.982E-02 -1.228E-01 0 1 8 9 10
20210409:090000 3 15 5 266 5 -5.798E-01 5.409E-02 -1.642E-01 9.098E-02 -8.281E-02 -5.827E-01 5.612E-02 -1.581E-01 9.416E-02 -7.966E-02 0 1 8 9 10
20210409:210000 3 15 5 243 5 -6.183E-01 1.197E-01 2.537E-02 -2.667E-02 -1.257E-01 -6.229E-01 1.203E-01 3.913E-02 -2.677E-02 -1.186E-01 0 1 8 9 10
20210410:090000 3 15 5 214 5 -5.867E-01 5.186E-02 -1.635E-01 9.181E-02 -8.331E-02 -5.798E-01 5.409E-02 -1.642E-01 9.098E-02 -8.281E-02 0 1 8 9 10
20210410:210000 3 15 5 135 5 -6.336E-01 1.258E-01 1.974E-02 -2.130E-02 -1.285E-01 -6.183E-01 1.197E-01 2.537E-02 -2.667E-02 -1.257E-01 0 1 8 9 10
