20210314:060000 223 15 5 385 5 -5.861E-01 1.554E-01 -3.044E-04 -3.858E-02 1.362E-02 -5.899E-01 1.550E-01 -1.745E-02 -1.249E-02 5.798E-03 0 1 8 9 10
20210314:180000 223 15 5 398 5 -8.895E-01 5.070E-02 9.936E-03 1.820E-01 6.163E-02 -9.128E-01 7.539E-02 2.242E-02 1.962E-01 7.393E-02 0 1 8 9 10
20210315:060000 223 15 5 368 5 -5.640E-01 1.385E-01 1.123E-02 -3.450E-02 1.927E-02 -5.861E-01 1.554E-01 -3.044E-04 -3.858E-02 1.362E-02 0 1 8 9 10
20210315:180000 223 15 5 410 5 -8.657E-01 2.574E-02 -9.773E-03 1.535E-01 4.623E-02 -8.895E-01 5.070E-02 9.936E-03 1.820E-01 6.163E-02 0 1 8 9 10
20210316:060000 223 15 5 342 5 -5.787E-01 1.462E-01 -4.592E-03 -4.412E-02 7.560E-03 -5.640E-01 1.385E-01 1.123E-02 -3.450E-02 1.927E-02 0 1 8 9 10
20210316:180000 223 15 5 408 5 -8.316E-01 1.212E-03 -3.521E-03 1.224E-01 5.113E-02 -8.657E-01 2.574E-02 -9.773E-03 1.535E-01 4.623E-02 0 1 8 9 10
20210317:060000 223 15 5 281 5 -5.787E-01 1.451E-01 -1.131E-02 -4.838E-02 3.152E-03 -5.787E-01 1.462E-01 -4.592E-03 -4.412E-02 7.560E-03 0 1 8 9 10
20210317:180000 223 15 5 273 5 -8.139E-01 -6.632E-03 1.747E-03 1.174E-01 5.235E-02 -8.316E-01 1.212E-03 -3.521E-03 1.224E-01 5.113E-02 0 1 8 9 10
20210318:060000 223 15 5 225 5 -5.821E-01 1.453E-01 -1.853E-02 -5.817E-02 -5.509E-03 -5.787E-01 1.451E-01 -1.131E-02 -4.838E-02 3.152E-03 0 1 8 9 10
20210318:180000 223 15 5 298 5 -8.005E-01 -4.976E-03 -1.919E-02 9.615E-02 3.667E-02 -8.139E-01 -6.632E-03 1.747E-03 1.174E-01 5.235E-02 0 1 8 9 10
20210319:060000 223 15 5 158 5 -5.782E-01 1.418E-01 -1.542E-02 -5.675E-02 -2.731E-03 -5.821E-01 1.453E-01 -1.853E-02 -5.817E-02 -5.509E-03 0 1 8 9 10
20210319:180000 223 15 5 342 5 -7.521E-01 -2.290E-02 -3.184E-02 7.054E-02 2.212E-02 -8.005E-01 -4.976E-03 -1.919E-02 9.615E-02 3.667E-02 0 1 8 9 10
20210320:060000 223 15 5 104 5 -5.727E-01 1.369E-01 -1.006E-02 -5.400E-02 1.505E-03 -5.782E-01 1.418E-01 -1.542E-02 -5.675E-02 -2.731E-03 0 1 8 9 10
20210320:180000 223 15 5 341 5 -7.160E-01 -4.273E-02 -5.594E-02 5.070E-02 7.475E-03 -7.521E-01 -2.290E-02 -3.184E-02 7.054E-02 2.212E-02 0 1 8 9 10
20210321:060000 223 15 5 211 5 -5.746E-01 1.395E-01 -1.032E-02 -5.464E-02 -1.506E-03 -5.727E-01 1.369E-01 -1.006E-02 -5.400E-02 1.505E-03 0 1 8 9 10
20210321:180000 223 15 5 380 5 -7.017E-01 -4.935E-02 -6.524E-02 4.855E-02 3.502E-03 -7.160E-01 -4.273E-02 -5.594E-02 5.070E-02 7.475E-03 0 1 8 9 10
20210322:060000 223 15 5 347 5 -5.343E-01 1.200E-01 -3.393E-02 -8.961E-02 -1.867E-02 -5.746E-01 1.395E-01 -1.032E-02 -5.464E-02 -1.506E-03 0 1 8 9 10
20210322:180000 223 15 5 404 5 -6.921E-01 -5.054E-02 -6.856E-02 4.946E-02 1.218E-03 -7.017E-01 -4.935E-02 -6.524E-02 4.855E-02 3.502E-03 0 1 8 9 10
20210323:060000 223 15 5 353 5 -5.066E-01 1.056E-01 -4.009E-02 -9.870E-02 -2.735E-02 -5.343E-01 1.200E-01 -3.393E-02 -8.961E-02 -1.867E-02 0 1 8 9 10
20210323:180000 223 15 5 410 5 -6.879E-01 -4.847E-02 -7.910E-02 4.973E-02 -6.172E-03 -6.921E-01 -5.054E-02 -6.856E-02 4.946E-02 1.218E-03 0 1 8 9 10
20210324:060000 223 15 5 323 5 -4.832E-01 9.281E-02 -4.662E-02 -1.101E-01 -3.395E-02 -5.066E-01 1.056E-01 -4.009E-02 -9.870E-02 -2.735E-02 0 1 8 9 10
20210324:180000 223 15 5 408 5 -6.652E-01 -5.696E-02 -1.029E-01 4.109E-02 -1.973E-02 -6.879E-01 -4.847E-02 -7.910E-02 4.973E-02 -6.172E-03 0 1 8 9 10
20210325:060000 223 15 5 312 5 -4.582E-01 7.497E-02 -3.985E-02 -1.145E-01 -2.956E-02 -4.832E-01 9.281E-02 -4.662E-02 -1.101E-01 -3.395E-02 0 1 8 9 10
20210325:180000 223 15 5 424 5 -6.579E-01 -5.558E-02 -1.006E-01 5.191E-02 -1.659E-02 -6.652E-01 -5.696E-02 -1.029E-01 4.109E-02 -1.973E-02 0 1 8 9 10
20210326:060000 223 15 5 258 5 -4.512E-01 6.918E-02 -3.939E-02 -1.194E-01 -2.890E-02 -4.582E-01 7.497E-02 -3.985E-02 -1.145E-01 -2.956E-02 0 1 8 9 10
20210326:180000 223 15 5 326 5 -7.273E-01 7.894E-03 -1.212E-01 8.302E-02 -2.491E-02 -6.579E-01 -5.558E-02 -1.006E-01 5.191E-02 -1.659E-02 0 1 8 9 10
20210327:060000 223 15 5 211 5 -4.897E-01 1.033E-01 -6.488E-02 -1.158E-01 -4.172E-02 -4.512E-01 6.918E-02 -3.939E-02 -1.194E-01 -2.890E-02 0 1 8 9 10
20210327:180000 223 15 5 360 5 -7.566E-01 2.866E-02 -9.700E-02 1.140E-01 -1.158E-02 -7.273E-01 7.894E-03 -1.212E-01 8.302E-02 -2.491E-02 0 1 8 9 10
20210328:060000 223 15 5 154 5 -4.971E-01 1.111E-01 -7.339E-02 -1.213E-01 -4.841E-02 -4.897E-01 1.033E-01 -6.488E-02 -1.158E-01 -4.172E-02 0 1 8 9 10
20210328:180000 223 15 5 363 5 -7.779E-01 3.709E-02 -9.872E-02 1.315E-01 -1.489E-02 -7.566E-01 2.866E-02 -9.700E-02 1.140E-01 -1.158E-02 0 1 8 9 10
20210329:060000 223 15 5 106 5 -5.121E-01 1.176E-01 -8.469E-02 -1.193E-01 -5.201E-02 -4.971E-01 1.111E-01 -7.339E-02 -1.213E-01 -4.841E-02 0 1 8 9 10
20210329:180000 223 15 5 377 5 -8.066E-01 4.705E-02 -9.500E-02 1.356E-01 -1.287E-02 -7.779E-01 3.709E-02 -9.872E-02 1.315E-01 -1.489E-02 0 1 8 9 10
20210330:060000 223 15 5 334 5 -5.231E-01 1.272E-01 -1.244E-01 -1.062E-01 -7.612E-02 -5.121E-01 1.176E-01 -8.469E-02 -1.193E-01 -5.201E-02 0 1 8 9 10
20210330:180000 223 15 5 390 5 -7.954E-01 5.265E-02 -8.872E-02 1.135E-01 -1.418E-02 -8.066E-01 4.705E-02 -9.500E-02 1.356E-01 -1.287E-02 0 1 8 9 10
20210331:060000 223 15 5 333 5 -5.354E-01 1.329E-01 -1.325E-01 -1.041E-01 -7.620E-02 -5.231E-01 1.272E-01 -1.244E-01 -1.062E-01 -7.612E-02 0 1 8 9 10
20210331:180000 223 15 5 402 5 -7.788E-01 5.718E-02 -9.689E-02 1.065E-01 -1.941E-02 -7.954E-01 5.265E-02 -8.872E-02 1.135E-01 -1.418E-02 0 1 8 9 10
20210401:060000 223 15 5 333 5 -5.553E-01 1.417E-01 -9.700E-02 -9.815E-02 -5.961E-02 -5.354E-01 1.329E-01 -1.325E-01 -1.041E-01 -7.620E-02 0 1 8 9 10
20210401:180000 223 15 5 421 5 -7.737E-01 5.629E-02 -9.540E-02 1.163E-01 -1.711E-02 -7.788E-01 5.718E-02 -9.689E-02 1.065E-01 -1.941E-02 0 1 8 9 10
20210402:060000 223 15 5 267 5 -5.311E-01 1.307E-01 -8.154E-02 -1.027E-01 -5.126E-02 -5.553E-01 1.417E-01 -9.700E-02 -9.815E-02 -5.961E-02 0 1 8 9 10
20210402:180000 223 15 5 392 5 -7.283E-01 3.506E-02 -9.116E-02 9.746E-02 -1.829E-02 -7.737E-01 5.629E-02 -9.540E-02 1.163E-01 -1.711E-02 0 1 8 9 10
20210403:060000 223 15 5 217 5 -5.217E-01 1.257E-01 -6.974E-02 -1.078E-01 -4.823E-02 -5.311E-01 1.307E-01 -8.154E-02 -1.027E-01 -5.126E-02 0 1 8 9 10
20210403:180000 223 15 5 239 5 -7.096E-01 2.827E-02 -8.979E-02 8.630E-02 -2.024E-02 -7.283E-01 3.506E-02 -9.116E-02 9.746E-02 -1.829E-02 0 1 8 9 10
20210404:060000 223 15 5 176 5 -5.007E-01 1.121E-01 -6.717E-02 -1.245E-01 -5.000E-02 -5.217E-01 1.257E-01 -6.974E-02 -1.078E-01 -4.823E-02 0 1 8 9 10
20210404:180000 223 15 5 313 5 -7.189E-01 4.184E-02 -1.063E-01 8.163E-02 -2.783E-02 -7.096E-01 2.827E-02 -8.979E-02 8.630E-02 -2.024E-02 0 1 8 9 10
20210405:060000 223 15 5 163 5 -5.691E-01 1.570E-01 -1.149E-01 -1.143E-01 -7.012E-02 -5.007E-01 1.121E-01 -6.717E-02 -1.245E-01 -5.000E-02 0 1 8 9 10
20210405:180000 223 15 5 359 5 -7.359E-01 5.797E-02 -1.170E-01 9.132E-02 -3.067E-02 -7.189E-01 4.184E-02 -1.063E-01 8.163E-02 -2.783E-02 0 1 8 9 10
20210406:060000 223 15 5 106 5 -5.715E-01 1.541E-01 -1.155E-01 -1.114E-01 -6.849E-02 -5.691E-01 1.570E-01 -1.149E-01 -1.143E-01 -7.012E-02 0 1 8 9 10
20210406:180000 223 15 5 341 5 -7.557E-01 7.904E-02 -1.061E-01 1.092E-01 -2.380E-02 -7.359E-01 5.797E-02 -1.170E-01 9.132E-02 -3.067E-02 0 1 8 9 10
20210407:060000 223 15 5 119 5 -5.704E-01 1.530E-01 -1.113E-01 -1.083E-01 -6.569E-02 -5.715E-01 1.541E-01 -1.155E-01 -1.114E-01 -6.849E-02 0 1 8 9 10
20210407:180000 223 15 5 392 5 -7.444E-01 7.159E-02 -1.042E-01 1.070E-01 -1.893E-02 -7.557E-01 7.904E-02 -1.061E-01 1.092E-01 -2.380E-02 0 1 8 9 10
20210408:060000 223 15 5 385 5 -5.526E-01 1.427E-01 -1.298E-01 -1.130E-01 -7.709E-02 -5.704E-01 1.530E-01 -1.113E-01 -1.083E-01 -6.569E-02 0 1 8 9 10
20210408:180000 223 15 5 410 5 -7.533E-01 8.528E-02 -9.992E-02 1.050E-01 -1.963E-02 -7.444E-01 7.159E-02 -1.042E-01 1.070E-01 -1.893E-02 0 1 8 9 10
20210409:060000 223 15 5 388 5 -5.660E-01 1.529E-01 -1.166E-01 -1.054E-01 -6.680E-02 -5.526E-01 1.427E-01 -1.298E-01 -1.130E-01 -7.709E-02 0 1 8 9 10
20210409:180000 223 15 5 416 5 -7.593E-01 8.761E-02 -9.704E-02 1.039E-01 -1.744E-02 -7.533E-01 8.528E-02 -9.992E-02 1.050E-01 -1.963E-02 0 1 8 9 10
20210410:060000 223 15 5 361 5 -5.923E-01 1.595E-01 -1.084E-01 -9.930E-02 -5.932E-02 -5.660E-01 1.529E-01 -1.166E-01 -1.054E-01 -6.680E-02 0 1 8 9 10
20210410:180000 223 15 5 422 5 -7.663E-01 9.145E-02 -9.494E-02 9.347E-02 -1.220E-02 -7.593E-01 8.761E-02 -9.704E-02 1.039E-01 -1.744E-02 0 1 8 9 10
