20210314:210000 3 3 6 33 5 6.622E-02 -1.379E-02 7.886E-02 -1.225E-02 -4.640E-02 6.670E-02 -1.422E-02 7.881E-02 -1.259E-02 -4.645E-02 0 1 8 9 10
20210315:210000 3 3 6 60 5 6.423E-02 -1.228E-02 8.101E-02 -1.296E-02 -4.484E-02 6.622E-02 -1.379E-02 7.886E-02 -1.225E-02 -4.640E-02 0 1 8 9 10
20210316:210000 3 3 6 68 5 6.257E-02 -1.078E-02 8.044E-02 -1.292E-02 -4.531E-02 6.423E-02 -1.228E-02 8.101E-02 -1.296E-02 -4.484E-02 0 1 8 9 10
20210317:210000 3 3 6 6 5 6.232E-02 -1.050E-02 8.012E-02 -1.321E-02 -4.559E-02 6.257E-02 -1.078E-02 8.044E-02 -1.292E-02 -4.531E-02 0 1 8 9 10
20210318:210000 3 3 6 63 5 6.293E-02 -1.045E-02 7.996E-02 -1.451E-02 -4.575E-02 6.232E-02 -1.050E-02 8.012E-02 -1.321E-02 -4.559E-02 0 1 8 9 10
20210319:210000 3 3 6 67 5 6.308E-02 -1.065E-02 8.018E-02 -1.543E-02 -4.538E-02 6.293E-02 -1.045E-02 7.996E-02 -1.451E-02 -4.575E-02 0 1 8 9 10
20210320:210000 3 3 6 57 5 6.341E-02 -1.082E-02 7.890E-02 -1.536E-02 -4.648E-02 6.308E-02 -1.065E-02 8.018E-02 -1.543E-02 -4.538E-02 0 1 8 9 10
20210321:210000 3 3 6 60 5 6.285E-02 -1.029E-02 7.903E-02 -1.547E-02 -4.623E-02 6.341E-02 -1.082E-02 7.890E-02 -1.536E-02 -4.648E-02 0 1 8 9 10
20210322:210000 3 3 6 10 5 6.276E-02 -1.020E-02 7.877E-02 -1.574E-02 -4.645E-02 6.285E-02 -1.029E-02 7.903E-02 -1.547E-02 -4.623E-02 0 1 8 9 10
20210323:210000 3 3 6 46 5 6.279E-02 -1.017E-02 7.881E-02 -1.592E-02 -4.641E-02 6.276E-02 -1.020E-02 7.877E-02 -1.574E-02 -4.645E-02 0 1 8 9 10
20210324:210000 3 3 6 62 5 6.331E-02 -1.031E-02 7.839E-02 -1.639E-02 -4.670E-02 6.279E-02 -1.017E-02 7.881E-02 -1.592E-02 -4.641E-02 0 1 8 9 10
20210325:210000 3 3 6 103 5 6.213E-02 -9.238E-03 7.911E-02 -1.710E-02 -4.649E-02 6.331E-02 -1.031E-02 7.839E-02 -1.639E-02 -4.670E-02 0 1 8 9 10
20210326:210000 3 3 6 53 5 6.280E-02 -9.687E-03 7.882E-02 -1.805E-02 -4.674E-02 6.213E-02 -9.238E-03 7.911E-02 -1.710E-02 -4.649E-02 0 1 8 9 10
20210327:210000 3 3 6 15 5 6.246E-02 -9.430E-03 7.850E-02 -1.813E-02 -4.699E-02 6.280E-02 -9.687E-03 7.882E-02 -1.805E-02 -4.674E-02 0 1 8 9 10
20210328:210000 3 3 6 36 5 6.082E-02 -8.810E-03 7.760E-02 -1.850E-02 -4.772E-02 6.246E-02 -9.430E-03 7.850E-02 -1.813E-02 -4.699E-02 0 1 8 9 10
20210329:210000 3 3 6 88 5 6.030E-02 -8.651E-03 7.644E-02 -1.860E-02 -4.862E-02 6.082E-02 -8.810E-03 7.760E-02 -1.850E-02 -4.772E-02 0 1 8 9 10
20210330:210000 3 3 6 85 5 5.981E-02 -8.632E-03 7.638E-02 -1.912E-02 -4.848E-02 6.030E-02 -8.651E-03 7.644E-02 -1.860E-02 -4.862E-02 0 1 8 9 10
20210331:210000 3 3 6 29 5 5.915E-02 -8.222E-03 7.704E-02 -1.961E-02 -4.783E-02 5.981E-02 -8.632E-03 7.638E-02 -1.912E-02 -4.848E-02 0 1 8 9 10
20210401:210000 3 3 6 12 5 5.924E-02 -8.259E-03 7.714E-02 -1.963E-02 -4.779E-02 5.915E-02 -8.222E-03 7.704E-02 -1.961E-02 -4.783E-02 0 1 8 9 10
20210402:210000 3 3 6 74 5 6.002E-02 -8.480E-03 7.599E-02 -2.023E-02 -4.871E-02 5.924E-02 -8.259E-03 7.714E-02 -1.963E-02 -4.779E-02 0 1 8 9 10
20210403:210000 3 3 6 63 5 6.146E-02 -9.207E-03 7.529E-02 -2.153E-02 -4.895E-02 6.002E-02 -8.480E-03 7.599E-02 -2.023E-02 -4.871E-02 0 1 8 9 10
20210404:210000 3 3 6 37 5 6.115E-02 -9.020E-03 7.434E-02 -2.202E-02 -4.956E-02 6.146E-02 -9.207E-03 7.529E-02 -2.153E-02 -4.895E-02 0 1 8 9 10
20210405:210000 3 3 6 11 5 6.109E-02 -8.906E-03 7.398E-02 -2.253E-02 -4.988E-02 6.115E-02 -9.020E-03 7.434E-02 -2.202E-02 -4.956E-02 0 1 8 9 10
20210406:210000 3 3 6 22 5 6.082E-02 -8.636E-03 7.399E-02 -2.246E-02 -4.998E-02 6.109E-02 -8.906E-03 7.398E-02 -2.253E-02 -4.988E-02 0 1 8 9 10
20210407:210000 3 3 6 20 5 6.063E-02 -8.433E-03 7.410E-02 -2.259E-02 -4.989E-02 6.082E-02 -8.636E-03 7.399E-02 -2.246E-02 -4.998E-02 0 1 8 9 10
20210408:210000 3 3 6 21 5 5.975E-02 -7.893E-03 7.519E-02 -2.279E-02 -4.912E-02 6.063E-02 -8.433E-03 7.410E-02 -2.259E-02 -4.989E-02 0 1 8 9 10
20210409:210000 3 3 6 79 5 5.917E-02 -8.131E-03 7.592E-02 -2.322E-02 -4.861E-02 5.975E-02 -7.893E-03 7.519E-02 -2.279E-02 -4.912E-02 0 1 8 9 10
20210410:210000 3 3 6 24 5 5.954E-02 -8.250E-03 7.608E-02 -2.298E-02 -4.831E-02 5.917E-02 -8.131E-03 7.592E-02 -2.322E-02 -4.861E-02 0 1 8 9 10
