20210314:090000 209 3 6 15 5 -5.944E-01 2.329E-02 -9.504E-02 6.523E-02 -1.253E-02 -5.942E-01 2.323E-02 -9.536E-02 6.564E-02 -1.282E-02 0 1 8 9 10
20210314:210000 209 3 6 40 5 -6.896E-01 -2.520E-02 -1.755E-03 6.520E-02 3.077E-02 -6.888E-01 -2.592E-02 -1.998E-03 6.522E-02 3.047E-02 0 1 8 9 10
20210315:090000 209 3 6 24 5 -5.946E-01 2.354E-02 -9.490E-02 6.549E-02 -1.246E-02 -5.944E-01 2.329E-02 -9.504E-02 6.523E-02 -1.253E-02 0 1 8 9 10
20210315:210000 209 3 6 52 5 -6.896E-01 -2.528E-02 -2.626E-03 6.498E-02 3.001E-02 -6.896E-01 -2.520E-02 -1.755E-03 6.520E-02 3.077E-02 0 1 8 9 10
20210316:090000 209 3 6 17 5 -5.952E-01 2.397E-02 -9.541E-02 6.530E-02 -1.285E-02 -5.946E-01 2.354E-02 -9.490E-02 6.549E-02 -1.246E-02 0 1 8 9 10
20210316:210000 209 3 6 22 5 -6.903E-01 -2.462E-02 -3.662E-03 6.440E-02 2.923E-02 -6.896E-01 -2.528E-02 -2.626E-03 6.498E-02 3.001E-02 0 1 8 9 10
20210317:090000 209 3 6 26 5 -5.954E-01 2.421E-02 -9.557E-02 6.540E-02 -1.287E-02 -5.952E-01 2.397E-02 -9.541E-02 6.530E-02 -1.285E-02 0 1 8 9 10
20210317:210000 209 3 6 31 5 -6.909E-01 -2.390E-02 -4.836E-03 6.388E-02 2.845E-02 -6.903E-01 -2.462E-02 -3.662E-03 6.440E-02 2.923E-02 0 1 8 9 10
20210318:090000 209 3 6 23 5 -5.958E-01 2.466E-02 -9.593E-02 6.525E-02 -1.313E-02 -5.954E-01 2.421E-02 -9.557E-02 6.540E-02 -1.287E-02 0 1 8 9 10
20210318:210000 209 3 6 25 5 -6.915E-01 -2.322E-02 -5.527E-03 6.351E-02 2.787E-02 -6.909E-01 -2.390E-02 -4.836E-03 6.388E-02 2.845E-02 0 1 8 9 10
20210319:090000 209 3 6 11 5 -5.957E-01 2.451E-02 -9.580E-02 6.530E-02 -1.304E-02 -5.958E-01 2.466E-02 -9.593E-02 6.525E-02 -1.313E-02 0 1 8 9 10
20210319:210000 209 3 6 27 5 -6.913E-01 -2.313E-02 -6.218E-03 6.385E-02 2.728E-02 -6.915E-01 -2.322E-02 -5.527E-03 6.351E-02 2.787E-02 0 1 8 9 10
20210320:090000 209 3 6 29 5 -5.961E-01 2.490E-02 -9.627E-02 6.505E-02 -1.342E-02 -5.957E-01 2.451E-02 -9.580E-02 6.530E-02 -1.304E-02 0 1 8 9 10
20210320:210000 209 3 6 31 5 -6.911E-01 -2.321E-02 -6.708E-03 6.399E-02 2.675E-02 -6.913E-01 -2.313E-02 -6.218E-03 6.385E-02 2.728E-02 0 1 8 9 10
20210321:090000 209 3 6 36 5 -5.962E-01 2.510E-02 -9.581E-02 6.488E-02 -1.301E-02 -5.961E-01 2.490E-02 -9.627E-02 6.505E-02 -1.342E-02 0 1 8 9 10
20210321:210000 209 3 6 40 5 -6.910E-01 -2.325E-02 -8.194E-03 6.370E-02 2.549E-02 -6.911E-01 -2.321E-02 -6.708E-03 6.399E-02 2.675E-02 0 1 8 9 10
20210322:090000 209 3 6 52 5 -5.957E-01 2.504E-02 -9.454E-02 6.537E-02 -1.219E-02 -5.962E-01 2.510E-02 -9.581E-02 6.488E-02 -1.301E-02 0 1 8 9 10
20210322:210000 209 3 6 32 5 -6.907E-01 -2.345E-02 -8.483E-03 6.346E-02 2.525E-02 -6.910E-01 -2.325E-02 -8.194E-03 6.370E-02 2.549E-02 0 1 8 9 10
20210323:090000 209 3 6 35 5 -5.953E-01 2.491E-02 -9.385E-02 6.504E-02 -1.190E-02 -5.957E-01 2.504E-02 -9.454E-02 6.537E-02 -1.219E-02 0 1 8 9 10
20210323:210000 209 3 6 90 5 -6.918E-01 -2.271E-02 -7.879E-03 6.347E-02 2.576E-02 -6.907E-01 -2.345E-02 -8.483E-03 6.346E-02 2.525E-02 0 1 8 9 10
20210324:090000 209 3 6 13 5 -5.952E-01 2.489E-02 -9.383E-02 6.511E-02 -1.185E-02 -5.953E-01 2.491E-02 -9.385E-02 6.504E-02 -1.190E-02 0 1 8 9 10
20210324:210000 209 3 6 54 5 -6.910E-01 -2.336E-02 -9.754E-03 6.286E-02 2.433E-02 -6.918E-01 -2.271E-02 -7.879E-03 6.347E-02 2.576E-02 0 1 8 9 10
20210325:090000 209 3 6 13 5 -5.953E-01 2.506E-02 -9.385E-02 6.523E-02 -1.184E-02 -5.952E-01 2.489E-02 -9.383E-02 6.511E-02 -1.185E-02 0 1 8 9 10
20210325:210000 209 3 6 17 5 -6.916E-01 -2.296E-02 -9.710E-03 6.305E-02 2.448E-02 -6.910E-01 -2.336E-02 -9.754E-03 6.286E-02 2.433E-02 0 1 8 9 10
20210326:090000 209 3 6 15 5 -5.955E-01 2.523E-02 -9.418E-02 6.487E-02 -1.220E-02 -5.953E-01 2.506E-02 -9.385E-02 6.523E-02 -1.184E-02 0 1 8 9 10
20210326:210000 209 3 6 32 5 -6.924E-01 -2.248E-02 -9.695E-03 6.284E-02 2.458E-02 -6.916E-01 -2.296E-02 -9.710E-03 6.305E-02 2.448E-02 0 1 8 9 10
20210327:090000 209 3 6 21 5 -5.954E-01 2.519E-02 -9.417E-02 6.473E-02 -1.229E-02 -5.955E-01 2.523E-02 -9.418E-02 6.487E-02 -1.220E-02 0 1 8 9 10
20210327:210000 209 3 6 31 5 -6.921E-01 -2.254E-02 -1.087E-02 6.250E-02 2.366E-02 -6.924E-01 -2.248E-02 -9.695E-03 6.284E-02 2.458E-02 0 1 8 9 10
20210328:090000 209 3 6 16 5 -5.954E-01 2.513E-02 -9.417E-02 6.480E-02 -1.225E-02 -5.954E-01 2.519E-02 -9.417E-02 6.473E-02 -1.229E-02 0 1 8 9 10
20210328:210000 209 3 6 59 5 -6.925E-01 -2.227E-02 -1.083E-02 6.248E-02 2.356E-02 -6.921E-01 -2.254E-02 -1.087E-02 6.250E-02 2.366E-02 0 1 8 9 10
20210329:090000 209 3 6 34 5 -5.968E-01 2.557E-02 -9.527E-02 6.428E-02 -1.306E-02 -5.954E-01 2.513E-02 -9.417E-02 6.480E-02 -1.225E-02 0 1 8 9 10
20210329:210000 209 3 6 46 5 -6.933E-01 -2.209E-02 -1.115E-02 6.217E-02 2.320E-02 -6.925E-01 -2.227E-02 -1.083E-02 6.248E-02 2.356E-02 0 1 8 9 10
20210330:090000 209 3 6 21 5 -5.975E-01 2.571E-02 -9.448E-02 6.428E-02 -1.238E-02 -5.968E-01 2.557E-02 -9.527E-02 6.428E-02 -1.306E-02 0 1 8 9 10
20210330:210000 209 3 6 37 5 -6.937E-01 -2.199E-02 -1.169E-02 6.222E-02 2.277E-02 -6.933E-01 -2.209E-02 -1.115E-02 6.217E-02 2.320E-02 0 1 8 9 10
20210331:090000 209 3 6 24 5 -5.973E-01 2.568E-02 -9.405E-02 6.442E-02 -1.203E-02 -5.975E-01 2.571E-02 -9.448E-02 6.428E-02 -1.238E-02 0 1 8 9 10
20210331:210000 209 3 6 69 5 -6.928E-01 -2.246E-02 -1.279E-02 6.191E-02 2.165E-02 -6.937E-01 -2.199E-02 -1.169E-02 6.222E-02 2.277E-02 0 1 8 9 10
20210401:090000 209 3 6 34 5 -5.970E-01 2.559E-02 -9.367E-02 6.416E-02 -1.193E-02 -5.973E-01 2.568E-02 -9.405E-02 6.442E-02 -1.203E-02 0 1 8 9 10
20210401:210000 209 3 6 62 5 -6.940E-01 -2.197E-02 -1.249E-02 6.189E-02 2.164E-02 -6.928E-01 -2.246E-02 -1.279E-02 6.191E-02 2.165E-02 0 1 8 9 10
20210402:090000 209 3 6 48 5 -5.981E-01 2.607E-02 -9.419E-02 6.440E-02 -1.216E-02 -5.970E-01 2.559E-02 -9.367E-02 6.416E-02 -1.193E-02 0 1 8 9 10
20210402:210000 209 3 6 65 5 -6.942E-01 -2.183E-02 -1.293E-02 6.081E-02 2.130E-02 -6.940E-01 -2.197E-02 -1.249E-02 6.189E-02 2.164E-02 0 1 8 9 10
20210403:090000 209 3 6 30 5 -5.988E-01 2.654E-02 -9.499E-02 6.400E-02 -1.268E-02 -5.981E-01 2.607E-02 -9.419E-02 6.440E-02 -1.216E-02 0 1 8 9 10
20210403:210000 209 3 6 41 5 -6.951E-01 -2.129E-02 -1.327E-02 6.074E-02 2.103E-02 -6.942E-01 -2.183E-02 -1.293E-02 6.081E-02 2.130E-02 0 1 8 9 10
20210404:090000 209 3 6 33 5 -5.992E-01 2.674E-02 -9.541E-02 6.376E-02 -1.298E-02 -5.988E-01 2.654E-02 -9.499E-02 6.400E-02 -1.268E-02 0 1 8 9 10
20210404:210000 209 3 6 15 5 -6.954E-01 -2.110E-02 -1.361E-02 6.068E-02 2.073E-02 -6.951E-01 -2.129E-02 -1.327E-02 6.074E-02 2.103E-02 0 1 8 9 10
20210405:090000 209 3 6 14 5 -5.993E-01 2.685E-02 -9.543E-02 6.383E-02 -1.294E-02 -5.992E-01 2.674E-02 -9.541E-02 6.376E-02 -1.298E-02 0 1 8 9 10
20210405:210000 209 3 6 18 5 -6.954E-01 -2.103E-02 -1.359E-02 6.100E-02 2.075E-02 -6.954E-01 -2.110E-02 -1.361E-02 6.068E-02 2.073E-02 0 1 8 9 10
20210406:090000 209 3 6 24 5 -6.004E-01 2.819E-02 -9.561E-02 6.354E-02 -1.306E-02 -5.993E-01 2.685E-02 -9.543E-02 6.383E-02 -1.294E-02 0 1 8 9 10
20210406:210000 209 3 6 14 5 -6.953E-01 -2.128E-02 -1.431E-02 6.113E-02 2.019E-02 -6.954E-01 -2.103E-02 -1.359E-02 6.100E-02 2.075E-02 0 1 8 9 10
20210407:090000 209 3 6 25 5 -6.014E-01 2.914E-02 -9.636E-02 6.315E-02 -1.362E-02 -6.004E-01 2.819E-02 -9.561E-02 6.354E-02 -1.306E-02 0 1 8 9 10
20210407:210000 209 3 6 58 5 -6.960E-01 -2.070E-02 -1.391E-02 6.096E-02 2.045E-02 -6.953E-01 -2.128E-02 -1.431E-02 6.113E-02 2.019E-02 0 1 8 9 10
20210408:090000 209 3 6 14 5 -6.018E-01 2.946E-02 -9.629E-02 6.319E-02 -1.363E-02 -6.014E-01 2.914E-02 -9.636E-02 6.315E-02 -1.362E-02 0 1 8 9 10
20210408:210000 209 3 6 60 5 -6.971E-01 -1.964E-02 -1.398E-02 6.144E-02 2.046E-02 -6.960E-01 -2.070E-02 -1.391E-02 6.096E-02 2.045E-02 0 1 8 9 10
20210409:090000 209 3 6 41 5 -6.030E-01 3.051E-02 -9.701E-02 6.295E-02 -1.401E-02 -6.018E-01 2.946E-02 -9.629E-02 6.319E-02 -1.363E-02 0 1 8 9 10
20210409:210000 209 3 6 29 5 -6.981E-01 -1.920E-02 -1.559E-02 6.080E-02 1.910E-02 -6.971E-01 -1.964E-02 -1.398E-02 6.144E-02 2.046E-02 0 1 8 9 10
20210410:090000 209 3 6 23 5 -6.033E-01 3.079E-02 -9.717E-02 6.304E-02 -1.411E-02 -6.030E-01 3.051E-02 -9.701E-02 6.295E-02 -1.401E-02 0 1 8 9 10
20210410:210000 209 3 6 54 5 -6.975E-01 -2.012E-02 -1.656E-02 6.071E-02 1.839E-02 -6.981E-01 -1.920E-02 -1.559E-02 6.080E-02 1.910E-02 0 1 8 9 10
