20210314:120000 523 73 4 67 4 -1.302E+00 -4.169E-01 1.052E-01 -3.703E-01 -1.283E+00 -4.226E-01 9.083E-02 -3.768E-01 0 8 9 10
20210315:120000 523 73 4 59 4 -1.314E+00 -4.140E-01 1.190E-01 -3.639E-01 -1.302E+00 -4.169E-01 1.052E-01 -3.703E-01 0 8 9 10
20210316:120000 523 73 4 43 4 -1.318E+00 -4.143E-01 1.246E-01 -3.606E-01 -1.314E+00 -4.140E-01 1.190E-01 -3.639E-01 0 8 9 10
20210317:120000 523 73 4 18 4 -1.321E+00 -4.180E-01 1.219E-01 -3.643E-01 -1.318E+00 -4.143E-01 1.246E-01 -3.606E-01 0 8 9 10
20210318:120000 523 73 4 48 4 -1.332E+00 -4.140E-01 1.226E-01 -3.627E-01 -1.321E+00 -4.180E-01 1.219E-01 -3.643E-01 0 8 9 10
20210319:120000 523 73 4 75 4 -1.350E+00 -4.107E-01 1.366E-01 -3.581E-01 -1.332E+00 -4.140E-01 1.226E-01 -3.627E-01 0 8 9 10
20210320:120000 523 73 4 73 4 -1.362E+00 -4.079E-01 1.501E-01 -3.515E-01 -1.350E+00 -4.107E-01 1.366E-01 -3.581E-01 0 8 9 10
20210321:120000 523 73 4 46 4 -1.374E+00 -4.147E-01 1.548E-01 -3.516E-01 -1.362E+00 -4.079E-01 1.501E-01 -3.515E-01 0 8 9 10
20210322:120000 523 73 4 36 4 -1.380E+00 -4.195E-01 1.527E-01 -3.560E-01 -1.374E+00 -4.147E-01 1.548E-01 -3.516E-01 0 8 9 10
20210323:120000 523 73 4 19 4 -1.384E+00 -4.252E-01 1.455E-01 -3.641E-01 -1.380E+00 -4.195E-01 1.527E-01 -3.560E-01 0 8 9 10
20210324:120000 523 73 4 93 4 -1.419E+00 -4.124E-01 1.662E-01 -3.557E-01 -1.384E+00 -4.252E-01 1.455E-01 -3.641E-01 0 8 9 10
20210325:120000 523 73 4 78 4 -1.436E+00 -4.051E-01 1.854E-01 -3.476E-01 -1.419E+00 -4.124E-01 1.662E-01 -3.557E-01 0 8 9 10
20210326:120000 523 73 4 70 4 -1.453E+00 -4.092E-01 1.960E-01 -3.470E-01 -1.436E+00 -4.051E-01 1.854E-01 -3.476E-01 0 8 9 10
20210327:120000 523 73 4 52 4 -1.460E+00 -4.122E-01 2.007E-01 -3.460E-01 -1.453E+00 -4.092E-01 1.960E-01 -3.470E-01 0 8 9 10
20210328:120000 523 73 4 27 4 -1.464E+00 -4.159E-01 1.985E-01 -3.495E-01 -1.460E+00 -4.122E-01 2.007E-01 -3.460E-01 0 8 9 10
20210329:120000 523 73 4 84 4 -1.490E+00 -3.932E-01 2.202E-01 -3.306E-01 -1.464E+00 -4.159E-01 1.985E-01 -3.495E-01 0 8 9 10
20210330:120000 523 73 4 70 4 -1.510E+00 -3.833E-01 2.416E-01 -3.214E-01 -1.490E+00 -3.932E-01 2.202E-01 -3.306E-01 0 8 9 10
20210331:120000 523 73 4 70 4 -1.522E+00 -3.847E-01 2.535E-01 -3.168E-01 -1.510E+00 -3.833E-01 2.416E-01 -3.214E-01 0 8 9 10
20210401:120000 523 73 4 52 4 -1.532E+00 -3.913E-01 2.542E-01 -3.198E-01 -1.522E+00 -3.847E-01 2.535E-01 -3.168E-01 0 8 9 10
20210402:120000 523 73 4 33 4 -1.539E+00 -3.994E-01 2.466E-01 -3.294E-01 -1.532E+00 -3.913E-01 2.542E-01 -3.198E-01 0 8 9 10
20210403:120000 523 73 4 97 4 -1.570E+00 -3.833E-01 2.496E-01 -3.139E-01 -1.539E+00 -3.994E-01 2.466E-01 -3.294E-01 0 8 9 10
20210404:120000 523 73 4 84 4 -1.588E+00 -3.757E-01 2.660E-01 -3.077E-01 -1.570E+00 -3.833E-01 2.496E-01 -3.139E-01 0 8 9 10
20210405:120000 523 73 4 57 4 -1.594E+00 -3.756E-01 2.705E-01 -3.066E-01 -1.588E+00 -3.757E-01 2.660E-01 -3.077E-01 0 8 9 10
20210406:120000 523 73 4 34 4 -1.595E+00 -3.763E-01 2.712E-01 -3.065E-01 -1.594E+00 -3.756E-01 2.705E-01 -3.066E-01 0 8 9 10
20210407:120000 523 73 4 17 4 -1.596E+00 -3.770E-01 2.704E-01 -3.075E-01 -1.595E+00 -3.763E-01 2.712E-01 -3.065E-01 0 8 9 10
20210408:120000 523 73 4 43 4 -1.606E+00 -3.691E-01 2.732E-01 -3.023E-01 -1.596E+00 -3.770E-01 2.704E-01 -3.075E-01 0 8 9 10
20210409:120000 523 73 4 78 4 -1.624E+00 -3.630E-01 2.790E-01 -3.004E-01 -1.606E+00 -3.691E-01 2.732E-01 -3.023E-01 0 8 9 10
20210410:120000 523 73 4 52 4 -1.629E+00 -3.626E-01 2.853E-01 -2.978E-01 -1.624E+00 -3.630E-01 2.790E-01 -3.004E-01 0 8 9 10
