20210314:030000 523 73 12 65 6 -8.132E-01 5.642E-01 -5.453E-01 -8.667E-02 6.733E-02 -6.890E-02 -8.054E-01 5.565E-01 -5.388E-01 -8.588E-02 6.605E-02 -6.690E-02 0 1 2 8 9 10
20210315:030000 523 73 12 91 6 -8.285E-01 5.746E-01 -5.532E-01 -7.343E-02 6.838E-02 -5.777E-02 -8.132E-01 5.642E-01 -5.453E-01 -8.667E-02 6.733E-02 -6.890E-02 0 1 2 8 9 10
20210316:030000 523 73 12 90 6 -8.421E-01 5.836E-01 -5.602E-01 -6.433E-02 6.294E-02 -5.123E-02 -8.285E-01 5.746E-01 -5.532E-01 -7.343E-02 6.838E-02 -5.777E-02 0 1 2 8 9 10
20210317:030000 523 73 12 54 6 -8.485E-01 5.882E-01 -5.644E-01 -6.804E-02 6.323E-02 -5.434E-02 -8.421E-01 5.836E-01 -5.602E-01 -6.433E-02 6.294E-02 -5.123E-02 0 1 2 8 9 10
20210318:030000 523 73 12 59 6 -8.640E-01 5.965E-01 -5.712E-01 -7.454E-02 6.715E-02 -5.893E-02 -8.485E-01 5.882E-01 -5.644E-01 -6.804E-02 6.323E-02 -5.434E-02 0 1 2 8 9 10
20210319:030000 523 73 12 72 6 -8.897E-01 6.083E-01 -5.803E-01 -7.370E-02 8.272E-02 -5.625E-02 -8.640E-01 5.965E-01 -5.712E-01 -7.454E-02 6.715E-02 -5.893E-02 0 1 2 8 9 10
20210320:030000 523 73 12 71 6 -9.057E-01 6.166E-01 -5.862E-01 -6.669E-02 9.024E-02 -5.056E-02 -8.897E-01 6.083E-01 -5.803E-01 -7.370E-02 8.272E-02 -5.625E-02 0 1 2 8 9 10
20210321:030000 523 73 12 79 6 -9.203E-01 6.262E-01 -5.941E-01 -6.144E-02 8.556E-02 -4.523E-02 -9.057E-01 6.166E-01 -5.862E-01 -6.669E-02 9.024E-02 -5.056E-02 0 1 2 8 9 10
20210322:030000 523 73 12 65 6 -9.368E-01 6.350E-01 -6.005E-01 -5.715E-02 8.272E-02 -3.976E-02 -9.203E-01 6.262E-01 -5.941E-01 -6.144E-02 8.556E-02 -4.523E-02 0 1 2 8 9 10
20210323:030000 523 73 12 49 6 -9.505E-01 6.418E-01 -6.051E-01 -6.822E-02 7.622E-02 -5.230E-02 -9.368E-01 6.350E-01 -6.005E-01 -5.715E-02 8.272E-02 -3.976E-02 0 1 2 8 9 10
20210324:030000 523 73 12 70 6 -9.582E-01 6.457E-01 -6.089E-01 -7.079E-02 7.689E-02 -5.663E-02 -9.505E-01 6.418E-01 -6.051E-01 -6.822E-02 7.622E-02 -5.230E-02 0 1 2 8 9 10
20210325:030000 523 73 12 85 6 -9.700E-01 6.540E-01 -6.176E-01 -7.485E-02 7.489E-02 -6.209E-02 -9.582E-01 6.457E-01 -6.089E-01 -7.079E-02 7.689E-02 -5.663E-02 0 1 2 8 9 10
20210326:030000 523 73 12 97 6 -9.762E-01 6.586E-01 -6.230E-01 -7.129E-02 7.180E-02 -5.734E-02 -9.700E-01 6.540E-01 -6.176E-01 -7.485E-02 7.489E-02 -6.209E-02 0 1 2 8 9 10
20210327:030000 523 73 12 94 6 -9.818E-01 6.632E-01 -6.280E-01 -7.215E-02 7.208E-02 -5.838E-02 -9.762E-01 6.586E-01 -6.230E-01 -7.129E-02 7.180E-02 -5.734E-02 0 1 2 8 9 10
20210328:030000 523 73 12 53 6 -9.861E-01 6.650E-01 -6.306E-01 -7.236E-02 7.689E-02 -5.712E-02 -9.818E-01 6.632E-01 -6.280E-01 -7.215E-02 7.208E-02 -5.838E-02 0 1 2 8 9 10
20210329:030000 523 73 12 71 6 -1.009E+00 6.706E-01 -6.417E-01 -8.560E-02 7.311E-02 -7.059E-02 -9.861E-01 6.650E-01 -6.306E-01 -7.236E-02 7.689E-02 -5.712E-02 0 1 2 8 9 10
20210330:030000 523 73 12 79 6 -1.022E+00 6.735E-01 -6.472E-01 -9.432E-02 6.466E-02 -8.017E-02 -1.009E+00 6.706E-01 -6.417E-01 -8.560E-02 7.311E-02 -7.059E-02 0 1 2 8 9 10
20210331:030000 523 73 12 82 6 -1.040E+00 6.785E-01 -6.566E-01 -9.734E-02 6.239E-02 -8.255E-02 -1.022E+00 6.735E-01 -6.472E-01 -9.432E-02 6.466E-02 -8.017E-02 0 1 2 8 9 10
20210401:030000 523 73 12 101 6 -1.055E+00 6.836E-01 -6.661E-01 -8.486E-02 5.928E-02 -6.783E-02 -1.040E+00 6.785E-01 -6.566E-01 -9.734E-02 6.239E-02 -8.255E-02 0 1 2 8 9 10
20210402:030000 523 73 12 54 6 -1.058E+00 6.849E-01 -6.677E-01 -8.604E-02 6.080E-02 -6.754E-02 -1.055E+00 6.836E-01 -6.661E-01 -8.486E-02 5.928E-02 -6.783E-02 0 1 2 8 9 10
20210403:030000 523 73 12 70 6 -1.065E+00 6.879E-01 -6.713E-01 -8.897E-02 6.248E-02 -6.954E-02 -1.058E+00 6.849E-01 -6.677E-01 -8.604E-02 6.080E-02 -6.754E-02 0 1 2 8 9 10
20210404:030000 523 73 12 64 6 -1.070E+00 6.901E-01 -6.741E-01 -9.118E-02 6.173E-02 -7.210E-02 -1.065E+00 6.879E-01 -6.713E-01 -8.897E-02 6.248E-02 -6.954E-02 0 1 2 8 9 10
20210405:030000 523 73 12 60 6 -1.077E+00 6.927E-01 -6.774E-01 -8.470E-02 6.460E-02 -6.689E-02 -1.070E+00 6.901E-01 -6.741E-01 -9.118E-02 6.173E-02 -7.210E-02 0 1 2 8 9 10
20210406:030000 523 73 12 68 6 -1.080E+00 6.921E-01 -6.774E-01 -8.082E-02 6.529E-02 -6.264E-02 -1.077E+00 6.927E-01 -6.774E-01 -8.470E-02 6.460E-02 -6.689E-02 0 1 2 8 9 10
20210407:030000 523 73 12 36 6 -1.082E+00 6.931E-01 -6.778E-01 -8.138E-02 6.620E-02 -6.265E-02 -1.080E+00 6.921E-01 -6.774E-01 -8.082E-02 6.529E-02 -6.264E-02 0 1 2 8 9 10
20210408:030000 523 73 12 37 6 -1.086E+00 6.960E-01 -6.796E-01 -8.152E-02 7.021E-02 -6.203E-02 -1.082E+00 6.931E-01 -6.778E-01 -8.138E-02 6.620E-02 -6.265E-02 0 1 2 8 9 10
20210409:030000 523 73 12 50 6 -1.092E+00 6.986E-01 -6.832E-01 -8.471E-02 7.281E-02 -6.342E-02 -1.086E+00 6.960E-01 -6.796E-01 -8.152E-02 7.021E-02 -6.203E-02 0 1 2 8 9 10
20210410:030000 523 73 12 43 6 -1.099E+00 7.030E-01 -6.894E-01 -8.415E-02 7.451E-02 -6.328E-02 -1.092E+00 6.986E-01 -6.832E-01 -8.471E-02 7.281E-02 -6.342E-02 0 1 2 8 9 10
