20210314:060000 223 3 9 403 5 1.027E-01 3.622E-01 -2.906E-01 1.084E-01 1.429E-01 1.045E-01 3.600E-01 -2.934E-01 1.100E-01 1.404E-01 0 1 8 9 10
20210315:060000 223 3 9 392 5 1.017E-01 3.638E-01 -2.871E-01 1.074E-01 1.453E-01 1.027E-01 3.622E-01 -2.906E-01 1.084E-01 1.429E-01 0 1 8 9 10
20210316:060000 223 3 9 356 5 1.021E-01 3.638E-01 -2.856E-01 1.069E-01 1.461E-01 1.017E-01 3.638E-01 -2.871E-01 1.074E-01 1.453E-01 0 1 8 9 10
20210317:060000 223 3 9 302 5 1.024E-01 3.636E-01 -2.848E-01 1.074E-01 1.467E-01 1.021E-01 3.638E-01 -2.856E-01 1.069E-01 1.461E-01 0 1 8 9 10
20210318:060000 223 3 9 248 5 1.024E-01 3.635E-01 -2.858E-01 1.066E-01 1.462E-01 1.024E-01 3.636E-01 -2.848E-01 1.074E-01 1.467E-01 0 1 8 9 10
20210319:060000 223 3 9 191 5 1.020E-01 3.638E-01 -2.867E-01 1.053E-01 1.451E-01 1.024E-01 3.635E-01 -2.858E-01 1.066E-01 1.462E-01 0 1 8 9 10
20210320:060000 223 3 9 117 5 1.025E-01 3.630E-01 -2.873E-01 1.030E-01 1.435E-01 1.020E-01 3.638E-01 -2.867E-01 1.053E-01 1.451E-01 0 1 8 9 10
20210321:060000 223 3 9 265 5 9.939E-02 3.655E-01 -2.893E-01 1.002E-01 1.420E-01 1.025E-01 3.630E-01 -2.873E-01 1.030E-01 1.435E-01 0 1 8 9 10
20210322:060000 223 3 9 406 5 9.560E-02 3.684E-01 -2.839E-01 9.739E-02 1.460E-01 9.939E-02 3.655E-01 -2.893E-01 1.002E-01 1.420E-01 0 1 8 9 10
20210323:060000 223 3 9 403 5 9.222E-02 3.715E-01 -2.779E-01 9.531E-02 1.501E-01 9.560E-02 3.684E-01 -2.839E-01 9.739E-02 1.460E-01 0 1 8 9 10
20210324:060000 223 3 9 375 5 9.004E-02 3.728E-01 -2.739E-01 9.609E-02 1.523E-01 9.222E-02 3.715E-01 -2.779E-01 9.531E-02 1.501E-01 0 1 8 9 10
20210325:060000 223 3 9 327 5 8.923E-02 3.730E-01 -2.729E-01 9.751E-02 1.528E-01 9.004E-02 3.728E-01 -2.739E-01 9.609E-02 1.523E-01 0 1 8 9 10
20210326:060000 223 3 9 274 5 8.546E-02 3.754E-01 -2.745E-01 9.985E-02 1.527E-01 8.923E-02 3.730E-01 -2.729E-01 9.751E-02 1.528E-01 0 1 8 9 10
20210327:060000 223 3 9 217 5 8.357E-02 3.772E-01 -2.760E-01 9.991E-02 1.520E-01 8.546E-02 3.754E-01 -2.745E-01 9.985E-02 1.527E-01 0 1 8 9 10
20210328:060000 223 3 9 167 5 8.010E-02 3.797E-01 -2.792E-01 9.896E-02 1.500E-01 8.357E-02 3.772E-01 -2.760E-01 9.991E-02 1.520E-01 0 1 8 9 10
20210329:060000 223 3 9 98 5 7.740E-02 3.806E-01 -2.822E-01 9.692E-02 1.475E-01 8.010E-02 3.797E-01 -2.792E-01 9.896E-02 1.500E-01 0 1 8 9 10
20210330:060000 223 3 9 417 5 7.358E-02 3.812E-01 -2.801E-01 9.297E-02 1.488E-01 7.740E-02 3.806E-01 -2.822E-01 9.692E-02 1.475E-01 0 1 8 9 10
20210331:060000 223 3 9 397 5 7.021E-02 3.818E-01 -2.741E-01 9.092E-02 1.528E-01 7.358E-02 3.812E-01 -2.801E-01 9.297E-02 1.488E-01 0 1 8 9 10
20210401:060000 223 3 9 390 5 6.742E-02 3.824E-01 -2.694E-01 9.063E-02 1.556E-01 7.021E-02 3.818E-01 -2.741E-01 9.092E-02 1.528E-01 0 1 8 9 10
20210402:060000 223 3 9 350 5 6.645E-02 3.826E-01 -2.668E-01 9.112E-02 1.570E-01 6.742E-02 3.824E-01 -2.694E-01 9.063E-02 1.556E-01 0 1 8 9 10
20210403:060000 223 3 9 257 5 6.996E-02 3.797E-01 -2.682E-01 8.823E-02 1.563E-01 6.645E-02 3.826E-01 -2.668E-01 9.112E-02 1.570E-01 0 1 8 9 10
20210404:060000 223 3 9 238 5 6.977E-02 3.796E-01 -2.695E-01 8.769E-02 1.559E-01 6.996E-02 3.797E-01 -2.682E-01 8.823E-02 1.563E-01 0 1 8 9 10
20210405:060000 223 3 9 192 5 6.754E-02 3.803E-01 -2.711E-01 8.780E-02 1.551E-01 6.977E-02 3.796E-01 -2.695E-01 8.769E-02 1.559E-01 0 1 8 9 10
20210406:060000 223 3 9 132 5 6.722E-02 3.808E-01 -2.717E-01 8.694E-02 1.543E-01 6.754E-02 3.803E-01 -2.711E-01 8.780E-02 1.551E-01 0 1 8 9 10
20210407:060000 223 3 9 142 5 6.965E-02 3.775E-01 -2.714E-01 8.646E-02 1.542E-01 6.722E-02 3.808E-01 -2.717E-01 8.694E-02 1.543E-01 0 1 8 9 10
20210408:060000 223 3 9 406 5 7.423E-02 3.733E-01 -2.698E-01 8.488E-02 1.553E-01 6.965E-02 3.775E-01 -2.714E-01 8.646E-02 1.542E-01 0 1 8 9 10
20210409:060000 223 3 9 396 5 7.876E-02 3.690E-01 -2.680E-01 8.062E-02 1.563E-01 7.423E-02 3.733E-01 -2.698E-01 8.488E-02 1.553E-01 0 1 8 9 10
20210410:060000 223 3 9 378 5 8.199E-02 3.651E-01 -2.661E-01 7.837E-02 1.571E-01 7.876E-02 3.690E-01 -2.680E-01 8.062E-02 1.563E-01 0 1 8 9 10
