20210314:030000 523 73 4 66 4 -1.489E+00 -7.944E-02 6.175E-02 -8.294E-02 -1.472E+00 -8.092E-02 5.480E-02 -8.387E-02 0 8 9 10
20210315:030000 523 73 4 91 4 -1.512E+00 -7.629E-02 5.994E-02 -7.960E-02 -1.489E+00 -7.944E-02 6.175E-02 -8.294E-02 0 8 9 10
20210316:030000 523 73 4 91 4 -1.533E+00 -6.894E-02 5.679E-02 -7.116E-02 -1.512E+00 -7.629E-02 5.994E-02 -7.960E-02 0 8 9 10
20210317:030000 523 73 4 54 4 -1.542E+00 -7.638E-02 5.333E-02 -7.857E-02 -1.533E+00 -6.894E-02 5.679E-02 -7.116E-02 0 8 9 10
20210318:030000 523 73 4 60 4 -1.553E+00 -8.370E-02 5.317E-02 -8.386E-02 -1.542E+00 -7.638E-02 5.333E-02 -7.857E-02 0 8 9 10
20210319:030000 523 73 4 73 4 -1.568E+00 -7.944E-02 6.282E-02 -8.136E-02 -1.553E+00 -8.370E-02 5.317E-02 -8.386E-02 0 8 9 10
20210320:030000 523 73 4 72 4 -1.583E+00 -7.259E-02 6.849E-02 -7.576E-02 -1.568E+00 -7.944E-02 6.282E-02 -8.136E-02 0 8 9 10
20210321:030000 523 73 4 80 4 -1.602E+00 -6.163E-02 6.695E-02 -6.611E-02 -1.583E+00 -7.259E-02 6.849E-02 -7.576E-02 0 8 9 10
20210322:030000 523 73 4 66 4 -1.614E+00 -6.685E-02 6.185E-02 -7.201E-02 -1.602E+00 -6.163E-02 6.695E-02 -6.611E-02 0 8 9 10
20210323:030000 523 73 4 50 4 -1.622E+00 -7.024E-02 6.309E-02 -7.538E-02 -1.614E+00 -6.685E-02 6.185E-02 -7.201E-02 0 8 9 10
20210324:030000 523 73 4 70 4 -1.634E+00 -6.747E-02 7.319E-02 -7.293E-02 -1.622E+00 -7.024E-02 6.309E-02 -7.538E-02 0 8 9 10
20210325:030000 523 73 4 85 4 -1.653E+00 -6.607E-02 7.718E-02 -7.192E-02 -1.634E+00 -6.747E-02 7.319E-02 -7.293E-02 0 8 9 10
20210326:030000 523 73 4 98 4 -1.673E+00 -5.289E-02 7.585E-02 -6.028E-02 -1.653E+00 -6.607E-02 7.718E-02 -7.192E-02 0 8 9 10
20210327:030000 523 73 4 95 4 -1.699E+00 -3.893E-02 7.672E-02 -4.435E-02 -1.673E+00 -5.289E-02 7.585E-02 -6.028E-02 0 8 9 10
20210328:030000 523 73 4 54 4 -1.703E+00 -3.948E-02 7.954E-02 -4.356E-02 -1.699E+00 -3.893E-02 7.672E-02 -4.435E-02 0 8 9 10
20210329:030000 523 73 4 71 4 -1.716E+00 -4.583E-02 7.894E-02 -5.007E-02 -1.703E+00 -3.948E-02 7.954E-02 -4.356E-02 0 8 9 10
20210330:030000 523 73 4 81 4 -1.728E+00 -4.739E-02 7.757E-02 -5.168E-02 -1.716E+00 -4.583E-02 7.894E-02 -5.007E-02 0 8 9 10
20210331:030000 523 73 4 82 4 -1.748E+00 -4.229E-02 7.928E-02 -4.784E-02 -1.728E+00 -4.739E-02 7.757E-02 -5.168E-02 0 8 9 10
20210401:030000 523 73 4 101 4 -1.764E+00 -3.557E-02 7.814E-02 -3.745E-02 -1.748E+00 -4.229E-02 7.928E-02 -4.784E-02 0 8 9 10
20210402:030000 523 73 4 54 4 -1.772E+00 -4.261E-02 7.548E-02 -4.378E-02 -1.764E+00 -3.557E-02 7.814E-02 -3.745E-02 0 8 9 10
20210403:030000 523 73 4 71 4 -1.777E+00 -4.196E-02 8.008E-02 -4.260E-02 -1.772E+00 -4.261E-02 7.548E-02 -4.378E-02 0 8 9 10
20210404:030000 523 73 4 66 4 -1.785E+00 -3.938E-02 8.828E-02 -3.856E-02 -1.777E+00 -4.196E-02 8.008E-02 -4.260E-02 0 8 9 10
20210405:030000 523 73 4 62 4 -1.794E+00 -3.851E-02 9.144E-02 -3.824E-02 -1.785E+00 -3.938E-02 8.828E-02 -3.856E-02 0 8 9 10
20210406:030000 523 73 4 68 4 -1.800E+00 -3.781E-02 9.027E-02 -3.774E-02 -1.794E+00 -3.851E-02 9.144E-02 -3.824E-02 0 8 9 10
20210407:030000 523 73 4 36 4 -1.801E+00 -3.892E-02 9.013E-02 -3.841E-02 -1.800E+00 -3.781E-02 9.027E-02 -3.774E-02 0 8 9 10
20210408:030000 523 73 4 37 4 -1.807E+00 -4.216E-02 9.177E-02 -3.989E-02 -1.801E+00 -3.892E-02 9.013E-02 -3.841E-02 0 8 9 10
20210409:030000 523 73 4 50 4 -1.815E+00 -4.151E-02 9.846E-02 -3.836E-02 -1.807E+00 -4.216E-02 9.177E-02 -3.989E-02 0 8 9 10
20210410:030000 523 73 4 44 4 -1.816E+00 -3.803E-02 1.024E-01 -3.374E-02 -1.815E+00 -4.151E-02 9.846E-02 -3.836E-02 0 8 9 10
