20210314:030000 523 73 11 66 6 -8.422E-01 5.261E-01 -5.419E-01 -9.547E-02 1.600E-02 -8.527E-02 -8.405E-01 5.254E-01 -5.410E-01 -9.860E-02 1.377E-02 -8.735E-02 0 1 2 8 9 10
20210314:120000 523 73 11 67 6 -7.753E-01 4.496E-01 -4.124E-01 -2.989E-01 3.665E-03 -2.832E-01 -7.669E-01 4.402E-01 -4.047E-01 -2.969E-01 4.154E-03 -2.799E-01 0 1 2 8 9 10
20210315:030000 523 73 11 91 6 -8.642E-01 5.440E-01 -5.559E-01 -8.590E-02 2.214E-02 -7.834E-02 -8.422E-01 5.261E-01 -5.419E-01 -9.547E-02 1.600E-02 -8.527E-02 0 1 2 8 9 10
20210315:120000 523 73 11 59 6 -7.803E-01 4.556E-01 -4.175E-01 -2.993E-01 7.834E-03 -2.817E-01 -7.753E-01 4.496E-01 -4.124E-01 -2.989E-01 3.665E-03 -2.832E-01 0 1 2 8 9 10
20210316:030000 523 73 11 91 6 -8.857E-01 5.592E-01 -5.676E-01 -7.815E-02 1.741E-02 -7.283E-02 -8.642E-01 5.440E-01 -5.559E-01 -8.590E-02 2.214E-02 -7.834E-02 0 1 2 8 9 10
20210316:120000 523 73 11 43 6 -7.823E-01 4.575E-01 -4.191E-01 -3.015E-01 6.174E-03 -2.839E-01 -7.803E-01 4.556E-01 -4.175E-01 -2.993E-01 7.834E-03 -2.817E-01 0 1 2 8 9 10
20210317:030000 523 73 11 54 6 -8.928E-01 5.639E-01 -5.721E-01 -8.074E-02 2.074E-02 -7.366E-02 -8.857E-01 5.592E-01 -5.676E-01 -7.815E-02 1.741E-02 -7.283E-02 0 1 2 8 9 10
20210317:120000 523 73 11 18 6 -7.835E-01 4.585E-01 -4.200E-01 -3.034E-01 3.441E-03 -2.870E-01 -7.823E-01 4.575E-01 -4.191E-01 -3.015E-01 6.174E-03 -2.839E-01 0 1 2 8 9 10
20210318:030000 523 73 11 60 6 -9.064E-01 5.696E-01 -5.768E-01 -8.246E-02 3.056E-02 -7.280E-02 -8.928E-01 5.639E-01 -5.721E-01 -8.074E-02 2.074E-02 -7.366E-02 0 1 2 8 9 10
20210318:120000 523 73 11 48 6 -7.927E-01 4.672E-01 -4.271E-01 -3.042E-01 5.809E-03 -2.882E-01 -7.835E-01 4.585E-01 -4.200E-01 -3.034E-01 3.441E-03 -2.870E-01 0 1 2 8 9 10
20210319:030000 523 73 11 73 6 -9.314E-01 5.804E-01 -5.851E-01 -7.934E-02 4.591E-02 -6.933E-02 -9.064E-01 5.696E-01 -5.768E-01 -8.246E-02 3.056E-02 -7.280E-02 0 1 2 8 9 10
20210319:120000 523 73 11 75 6 -8.083E-01 4.784E-01 -4.353E-01 -3.020E-01 1.681E-02 -2.854E-01 -7.927E-01 4.672E-01 -4.271E-01 -3.042E-01 5.809E-03 -2.882E-01 0 1 2 8 9 10
20210320:030000 523 73 11 72 6 -9.507E-01 5.896E-01 -5.915E-01 -6.738E-02 5.238E-02 -5.937E-02 -9.314E-01 5.804E-01 -5.851E-01 -7.934E-02 4.591E-02 -6.933E-02 0 1 2 8 9 10
20210320:120000 523 73 11 73 6 -8.174E-01 4.862E-01 -4.416E-01 -2.995E-01 2.690E-02 -2.791E-01 -8.083E-01 4.784E-01 -4.353E-01 -3.020E-01 1.681E-02 -2.854E-01 0 1 2 8 9 10
20210321:030000 523 73 11 80 6 -9.662E-01 5.997E-01 -5.999E-01 -6.338E-02 5.109E-02 -5.593E-02 -9.507E-01 5.896E-01 -5.915E-01 -6.738E-02 5.238E-02 -5.937E-02 0 1 2 8 9 10
20210321:120000 523 73 11 46 6 -8.268E-01 4.926E-01 -4.468E-01 -3.081E-01 2.311E-02 -2.859E-01 -8.174E-01 4.862E-01 -4.416E-01 -2.995E-01 2.690E-02 -2.791E-01 0 1 2 8 9 10
20210322:030000 523 73 11 66 6 -9.797E-01 6.076E-01 -6.057E-01 -5.970E-02 4.997E-02 -5.146E-02 -9.662E-01 5.997E-01 -5.999E-01 -6.338E-02 5.109E-02 -5.593E-02 0 1 2 8 9 10
20210322:120000 523 73 11 36 6 -8.353E-01 4.986E-01 -4.511E-01 -3.173E-01 1.500E-02 -2.969E-01 -8.268E-01 4.926E-01 -4.468E-01 -3.081E-01 2.311E-02 -2.859E-01 0 1 2 8 9 10
20210323:030000 523 73 11 50 6 -9.983E-01 6.165E-01 -6.121E-01 -7.085E-02 4.779E-02 -6.334E-02 -9.797E-01 6.076E-01 -6.057E-01 -5.970E-02 4.997E-02 -5.146E-02 0 1 2 8 9 10
20210323:120000 523 73 11 19 6 -8.393E-01 5.011E-01 -4.528E-01 -3.226E-01 9.289E-03 -3.034E-01 -8.353E-01 4.986E-01 -4.511E-01 -3.173E-01 1.500E-02 -2.969E-01 0 1 2 8 9 10
20210324:030000 523 73 11 70 6 -1.015E+00 6.256E-01 -6.210E-01 -7.779E-02 4.966E-02 -7.142E-02 -9.983E-01 6.165E-01 -6.121E-01 -7.085E-02 4.779E-02 -6.334E-02 0 1 2 8 9 10
20210324:120000 523 73 11 93 6 -8.691E-01 5.181E-01 -4.689E-01 -3.088E-01 3.139E-02 -2.936E-01 -8.393E-01 5.011E-01 -4.528E-01 -3.226E-01 9.289E-03 -3.034E-01 0 1 2 8 9 10
20210325:030000 523 73 11 85 6 -1.028E+00 6.343E-01 -6.305E-01 -8.021E-02 5.105E-02 -7.331E-02 -1.015E+00 6.256E-01 -6.210E-01 -7.779E-02 4.966E-02 -7.142E-02 0 1 2 8 9 10
20210325:120000 523 73 11 78 6 -8.849E-01 5.284E-01 -4.798E-01 -3.057E-01 4.954E-02 -2.876E-01 -8.691E-01 5.181E-01 -4.689E-01 -3.088E-01 3.139E-02 -2.936E-01 0 1 2 8 9 10
20210326:030000 523 73 11 98 6 -1.039E+00 6.421E-01 -6.392E-01 -8.108E-02 3.934E-02 -7.145E-02 -1.028E+00 6.343E-01 -6.305E-01 -8.021E-02 5.105E-02 -7.331E-02 0 1 2 8 9 10
20210326:120000 523 73 11 70 6 -8.964E-01 5.356E-01 -4.886E-01 -3.120E-01 5.223E-02 -2.905E-01 -8.849E-01 5.284E-01 -4.798E-01 -3.057E-01 4.954E-02 -2.876E-01 0 1 2 8 9 10
20210327:030000 523 73 11 95 6 -1.041E+00 6.428E-01 -6.403E-01 -8.681E-02 4.253E-02 -7.233E-02 -1.039E+00 6.421E-01 -6.392E-01 -8.108E-02 3.934E-02 -7.145E-02 0 1 2 8 9 10
20210327:120000 523 73 11 52 6 -8.947E-01 5.327E-01 -4.866E-01 -3.065E-01 6.137E-02 -2.823E-01 -8.964E-01 5.356E-01 -4.886E-01 -3.120E-01 5.223E-02 -2.905E-01 0 1 2 8 9 10
20210328:030000 523 73 11 54 6 -1.044E+00 6.438E-01 -6.420E-01 -8.655E-02 4.912E-02 -6.876E-02 -1.041E+00 6.428E-01 -6.403E-01 -8.681E-02 4.253E-02 -7.233E-02 0 1 2 8 9 10
20210328:120000 523 73 11 27 6 -8.953E-01 5.338E-01 -4.872E-01 -3.063E-01 6.405E-02 -2.795E-01 -8.947E-01 5.327E-01 -4.866E-01 -3.065E-01 6.137E-02 -2.823E-01 0 1 2 8 9 10
20210329:030000 523 73 11 71 6 -1.071E+00 6.501E-01 -6.552E-01 -1.022E-01 4.680E-02 -8.333E-02 -1.044E+00 6.438E-01 -6.420E-01 -8.655E-02 4.912E-02 -6.876E-02 0 1 2 8 9 10
20210329:120000 523 73 11 84 6 -9.426E-01 5.441E-01 -5.071E-01 -2.947E-01 7.840E-02 -2.738E-01 -8.953E-01 5.338E-01 -4.872E-01 -3.063E-01 6.405E-02 -2.795E-01 0 1 2 8 9 10
20210330:030000 523 73 11 81 6 -1.085E+00 6.531E-01 -6.606E-01 -1.112E-01 3.918E-02 -9.194E-02 -1.071E+00 6.501E-01 -6.552E-01 -1.022E-01 4.680E-02 -8.333E-02 0 1 2 8 9 10
20210330:120000 523 73 11 70 6 -9.709E-01 5.494E-01 -5.168E-01 -2.928E-01 9.999E-02 -2.702E-01 -9.426E-01 5.441E-01 -5.071E-01 -2.947E-01 7.840E-02 -2.738E-01 0 1 2 8 9 10
20210331:030000 523 73 11 82 6 -1.103E+00 6.582E-01 -6.700E-01 -1.157E-01 3.742E-02 -9.460E-02 -1.085E+00 6.531E-01 -6.606E-01 -1.112E-01 3.918E-02 -9.194E-02 0 1 2 8 9 10
20210331:120000 523 73 11 70 6 -9.859E-01 5.539E-01 -5.257E-01 -2.975E-01 1.049E-01 -2.733E-01 -9.709E-01 5.494E-01 -5.168E-01 -2.928E-01 9.999E-02 -2.702E-01 0 1 2 8 9 10
20210401:030000 523 73 11 101 6 -1.121E+00 6.631E-01 -6.800E-01 -1.009E-01 3.372E-02 -7.552E-02 -1.103E+00 6.582E-01 -6.700E-01 -1.157E-01 3.742E-02 -9.460E-02 0 1 2 8 9 10
20210401:120000 523 73 11 52 6 -9.973E-01 5.592E-01 -5.345E-01 -3.076E-01 1.009E-01 -2.812E-01 -9.859E-01 5.539E-01 -5.257E-01 -2.975E-01 1.049E-01 -2.733E-01 0 1 2 8 9 10
20210402:030000 523 73 11 54 6 -1.127E+00 6.651E-01 -6.828E-01 -1.035E-01 3.476E-02 -7.784E-02 -1.121E+00 6.631E-01 -6.800E-01 -1.009E-01 3.372E-02 -7.552E-02 0 1 2 8 9 10
20210402:120000 523 73 11 33 6 -9.977E-01 5.599E-01 -5.351E-01 -3.077E-01 1.015E-01 -2.805E-01 -9.973E-01 5.592E-01 -5.345E-01 -3.076E-01 1.009E-01 -2.812E-01 0 1 2 8 9 10
20210403:030000 523 73 11 71 6 -1.126E+00 6.632E-01 -6.808E-01 -9.794E-02 4.047E-02 -7.234E-02 -1.127E+00 6.651E-01 -6.828E-01 -1.035E-01 3.476E-02 -7.784E-02 0 1 2 8 9 10
20210403:120000 523 73 11 97 6 -1.016E+00 5.719E-01 -5.491E-01 -2.938E-01 1.109E-01 -2.693E-01 -9.977E-01 5.599E-01 -5.351E-01 -3.077E-01 1.015E-01 -2.805E-01 0 1 2 8 9 10
20210404:030000 523 73 11 66 6 -1.130E+00 6.646E-01 -6.824E-01 -9.650E-02 4.497E-02 -6.963E-02 -1.126E+00 6.632E-01 -6.808E-01 -9.794E-02 4.047E-02 -7.234E-02 0 1 2 8 9 10
20210404:120000 523 73 11 84 6 -1.029E+00 5.792E-01 -5.578E-01 -2.897E-01 1.218E-01 -2.663E-01 -1.016E+00 5.719E-01 -5.491E-01 -2.938E-01 1.109E-01 -2.693E-01 0 1 2 8 9 10
20210405:030000 523 73 11 62 6 -1.141E+00 6.690E-01 -6.883E-01 -9.272E-02 4.614E-02 -6.645E-02 -1.130E+00 6.646E-01 -6.824E-01 -9.650E-02 4.497E-02 -6.963E-02 0 1 2 8 9 10
20210405:120000 523 73 11 57 6 -1.035E+00 5.816E-01 -5.620E-01 -2.936E-01 1.224E-01 -2.688E-01 -1.029E+00 5.792E-01 -5.578E-01 -2.897E-01 1.218E-01 -2.663E-01 0 1 2 8 9 10
20210406:030000 523 73 11 68 6 -1.149E+00 6.733E-01 -6.925E-01 -8.708E-02 4.483E-02 -6.126E-02 -1.141E+00 6.690E-01 -6.883E-01 -9.272E-02 4.614E-02 -6.645E-02 0 1 2 8 9 10
20210406:120000 523 73 11 34 6 -1.032E+00 5.783E-01 -5.592E-01 -2.910E-01 1.251E-01 -2.652E-01 -1.035E+00 5.816E-01 -5.620E-01 -2.936E-01 1.224E-01 -2.688E-01 0 1 2 8 9 10
20210407:030000 523 73 11 36 6 -1.151E+00 6.749E-01 -6.932E-01 -8.760E-02 4.583E-02 -6.123E-02 -1.149E+00 6.733E-01 -6.925E-01 -8.708E-02 4.483E-02 -6.126E-02 0 1 2 8 9 10
20210407:120000 523 73 11 17 6 -1.031E+00 5.773E-01 -5.585E-01 -2.902E-01 1.256E-01 -2.646E-01 -1.032E+00 5.783E-01 -5.592E-01 -2.910E-01 1.251E-01 -2.652E-01 0 1 2 8 9 10
20210408:030000 523 73 11 37 6 -1.158E+00 6.798E-01 -6.961E-01 -8.986E-02 4.982E-02 -6.132E-02 -1.151E+00 6.749E-01 -6.932E-01 -8.760E-02 4.583E-02 -6.123E-02 0 1 2 8 9 10
20210408:120000 523 73 11 43 6 -1.042E+00 5.842E-01 -5.654E-01 -2.880E-01 1.271E-01 -2.636E-01 -1.031E+00 5.773E-01 -5.585E-01 -2.902E-01 1.256E-01 -2.646E-01 0 1 2 8 9 10
20210409:030000 523 73 11 50 6 -1.172E+00 6.868E-01 -7.045E-01 -9.648E-02 5.138E-02 -6.691E-02 -1.158E+00 6.798E-01 -6.961E-01 -8.986E-02 4.982E-02 -6.132E-02 0 1 2 8 9 10
20210409:120000 523 73 11 78 6 -1.051E+00 5.893E-01 -5.718E-01 -2.803E-01 1.363E-01 -2.583E-01 -1.042E+00 5.842E-01 -5.654E-01 -2.880E-01 1.271E-01 -2.636E-01 0 1 2 8 9 10
20210410:030000 523 73 11 44 6 -1.182E+00 6.931E-01 -7.131E-01 -9.651E-02 5.181E-02 -6.868E-02 -1.172E+00 6.868E-01 -7.045E-01 -9.648E-02 5.138E-02 -6.691E-02 0 1 2 8 9 10
20210410:120000 523 73 11 52 6 -1.056E+00 5.916E-01 -5.761E-01 -2.819E-01 1.374E-01 -2.595E-01 -1.051E+00 5.893E-01 -5.718E-01 -2.803E-01 1.363E-01 -2.583E-01 0 1 2 8 9 10
