20210314:210000 5 3 8 253 5 -1.979E-01 7.025E-03 -6.488E-03 2.849E-02 -1.403E-01 -1.971E-01 5.978E-03 -6.340E-03 3.165E-02 -1.392E-01 0 1 8 9 10
20210315:210000 5 3 8 92 5 -1.989E-01 8.057E-03 -7.108E-03 2.705E-02 -1.415E-01 -1.979E-01 7.025E-03 -6.488E-03 2.849E-02 -1.403E-01 0 1 8 9 10
20210316:210000 5 3 8 155 5 -1.997E-01 9.375E-03 -8.420E-03 2.459E-02 -1.434E-01 -1.989E-01 8.057E-03 -7.108E-03 2.705E-02 -1.415E-01 0 1 8 9 10
20210317:210000 5 3 8 221 5 -1.966E-01 7.315E-03 -1.098E-02 2.376E-02 -1.466E-01 -1.997E-01 9.375E-03 -8.420E-03 2.459E-02 -1.434E-01 0 1 8 9 10
20210318:210000 5 3 8 241 5 -1.958E-01 6.428E-03 -1.271E-02 2.211E-02 -1.488E-01 -1.966E-01 7.315E-03 -1.098E-02 2.376E-02 -1.466E-01 0 1 8 9 10
20210319:210000 5 3 8 190 5 -1.956E-01 5.611E-03 -1.522E-02 2.074E-02 -1.514E-01 -1.958E-01 6.428E-03 -1.271E-02 2.211E-02 -1.488E-01 0 1 8 9 10
20210320:210000 5 3 8 92 5 -1.982E-01 7.317E-03 -1.561E-02 2.018E-02 -1.522E-01 -1.956E-01 5.611E-03 -1.522E-02 2.074E-02 -1.514E-01 0 1 8 9 10
20210321:210000 5 3 8 114 5 -1.983E-01 7.812E-03 -1.802E-02 2.027E-02 -1.550E-01 -1.982E-01 7.317E-03 -1.561E-02 2.018E-02 -1.522E-01 0 1 8 9 10
20210322:210000 5 3 8 153 5 -1.973E-01 7.581E-03 -2.033E-02 2.023E-02 -1.572E-01 -1.983E-01 7.812E-03 -1.802E-02 2.027E-02 -1.550E-01 0 1 8 9 10
20210323:210000 5 3 8 131 5 -1.965E-01 7.417E-03 -1.768E-02 2.068E-02 -1.561E-01 -1.973E-01 7.581E-03 -2.033E-02 2.023E-02 -1.572E-01 0 1 8 9 10
20210324:210000 5 3 8 110 5 -1.955E-01 6.848E-03 -1.680E-02 2.038E-02 -1.560E-01 -1.965E-01 7.417E-03 -1.768E-02 2.068E-02 -1.561E-01 0 1 8 9 10
20210325:210000 5 3 8 132 5 -1.959E-01 7.280E-03 -1.690E-02 1.876E-02 -1.567E-01 -1.955E-01 6.848E-03 -1.680E-02 2.038E-02 -1.560E-01 0 1 8 9 10
20210326:210000 5 3 8 191 5 -1.963E-01 7.808E-03 -1.451E-02 1.831E-02 -1.563E-01 -1.959E-01 7.280E-03 -1.690E-02 1.876E-02 -1.567E-01 0 1 8 9 10
20210327:210000 5 3 8 180 5 -1.912E-01 3.899E-03 -1.854E-02 1.563E-02 -1.608E-01 -1.963E-01 7.808E-03 -1.451E-02 1.831E-02 -1.563E-01 0 1 8 9 10
20210328:210000 5 3 8 259 5 -1.847E-01 7.301E-04 -2.201E-02 1.280E-02 -1.644E-01 -1.912E-01 3.899E-03 -1.854E-02 1.563E-02 -1.608E-01 0 1 8 9 10
20210329:210000 5 3 8 81 5 -1.851E-01 8.393E-04 -2.181E-02 1.270E-02 -1.646E-01 -1.847E-01 7.301E-04 -2.201E-02 1.280E-02 -1.644E-01 0 1 8 9 10
20210330:210000 5 3 8 137 5 -1.871E-01 1.591E-03 -1.985E-02 1.319E-02 -1.640E-01 -1.851E-01 8.393E-04 -2.181E-02 1.270E-02 -1.646E-01 0 1 8 9 10
20210331:210000 5 3 8 195 5 -1.862E-01 1.539E-03 -1.877E-02 1.401E-02 -1.641E-01 -1.871E-01 1.591E-03 -1.985E-02 1.319E-02 -1.640E-01 0 1 8 9 10
20210401:210000 5 3 8 122 5 -1.863E-01 1.826E-03 -2.148E-02 1.444E-02 -1.667E-01 -1.862E-01 1.539E-03 -1.877E-02 1.401E-02 -1.641E-01 0 1 8 9 10
20210402:210000 5 3 8 237 5 -1.869E-01 1.924E-03 -2.256E-02 1.470E-02 -1.679E-01 -1.863E-01 1.826E-03 -2.148E-02 1.444E-02 -1.667E-01 0 1 8 9 10
20210403:210000 5 3 8 79 5 -1.876E-01 2.231E-03 -2.261E-02 1.427E-02 -1.683E-01 -1.869E-01 1.924E-03 -2.256E-02 1.470E-02 -1.679E-01 0 1 8 9 10
20210404:210000 5 3 8 177 5 -1.907E-01 3.766E-03 -2.087E-02 1.436E-02 -1.676E-01 -1.876E-01 2.231E-03 -2.261E-02 1.427E-02 -1.683E-01 0 1 8 9 10
20210405:210000 5 3 8 267 5 -1.924E-01 6.420E-03 -2.262E-02 1.413E-02 -1.698E-01 -1.907E-01 3.766E-03 -2.087E-02 1.436E-02 -1.676E-01 0 1 8 9 10
20210406:210000 5 3 8 221 5 -1.907E-01 2.964E-03 -2.227E-02 1.272E-02 -1.710E-01 -1.924E-01 6.420E-03 -2.262E-02 1.413E-02 -1.698E-01 0 1 8 9 10
20210407:210000 5 3 8 247 5 -1.889E-01 9.987E-04 -2.464E-02 1.192E-02 -1.741E-01 -1.907E-01 2.964E-03 -2.227E-02 1.272E-02 -1.710E-01 0 1 8 9 10
20210408:210000 5 3 8 92 5 -1.892E-01 9.843E-04 -2.441E-02 1.155E-02 -1.745E-01 -1.889E-01 9.987E-04 -2.464E-02 1.192E-02 -1.741E-01 0 1 8 9 10
20210409:210000 5 3 8 146 5 -1.910E-01 2.243E-03 -2.255E-02 1.255E-02 -1.735E-01 -1.892E-01 9.843E-04 -2.441E-02 1.155E-02 -1.745E-01 0 1 8 9 10
20210410:210000 5 3 8 194 5 -1.891E-01 1.602E-03 -2.131E-02 1.118E-02 -1.739E-01 -1.910E-01 2.243E-03 -2.255E-02 1.255E-02 -1.735E-01 0 1 8 9 10
