20210314:210000 5 3 9 253 5 -3.426E-01 1.435E-01 -9.180E-02 -3.191E-02 -3.884E-02 -3.409E-01 1.423E-01 -9.051E-02 -3.122E-02 -3.865E-02 0 1 8 9 10
20210315:210000 5 3 9 92 5 -3.426E-01 1.438E-01 -9.246E-02 -3.254E-02 -3.932E-02 -3.426E-01 1.435E-01 -9.180E-02 -3.191E-02 -3.884E-02 0 1 8 9 10
20210316:210000 5 3 9 155 5 -3.417E-01 1.435E-01 -9.480E-02 -3.366E-02 -4.060E-02 -3.426E-01 1.438E-01 -9.246E-02 -3.254E-02 -3.932E-02 0 1 8 9 10
20210317:210000 5 3 9 221 5 -3.404E-01 1.423E-01 -9.509E-02 -3.505E-02 -4.035E-02 -3.417E-01 1.435E-01 -9.480E-02 -3.366E-02 -4.060E-02 0 1 8 9 10
20210318:210000 5 3 9 241 5 -3.379E-01 1.397E-01 -9.692E-02 -3.746E-02 -4.132E-02 -3.404E-01 1.423E-01 -9.509E-02 -3.505E-02 -4.035E-02 0 1 8 9 10
20210319:210000 5 3 9 190 5 -3.365E-01 1.386E-01 -9.740E-02 -3.864E-02 -4.146E-02 -3.379E-01 1.397E-01 -9.692E-02 -3.746E-02 -4.132E-02 0 1 8 9 10
20210320:210000 5 3 9 92 5 -3.355E-01 1.381E-01 -9.756E-02 -3.929E-02 -4.164E-02 -3.365E-01 1.386E-01 -9.740E-02 -3.864E-02 -4.146E-02 0 1 8 9 10
20210321:210000 5 3 9 114 5 -3.356E-01 1.384E-01 -9.950E-02 -3.942E-02 -4.287E-02 -3.355E-01 1.381E-01 -9.756E-02 -3.929E-02 -4.164E-02 0 1 8 9 10
20210322:210000 5 3 9 153 5 -3.345E-01 1.378E-01 -9.895E-02 -3.963E-02 -4.250E-02 -3.356E-01 1.384E-01 -9.950E-02 -3.942E-02 -4.287E-02 0 1 8 9 10
20210323:210000 5 3 9 131 5 -3.343E-01 1.376E-01 -9.834E-02 -4.042E-02 -4.214E-02 -3.345E-01 1.378E-01 -9.895E-02 -3.963E-02 -4.250E-02 0 1 8 9 10
20210324:210000 5 3 9 110 5 -3.340E-01 1.376E-01 -9.837E-02 -4.079E-02 -4.218E-02 -3.343E-01 1.376E-01 -9.834E-02 -4.042E-02 -4.214E-02 0 1 8 9 10
20210325:210000 5 3 9 132 5 -3.345E-01 1.380E-01 -9.937E-02 -4.081E-02 -4.265E-02 -3.340E-01 1.376E-01 -9.837E-02 -4.079E-02 -4.218E-02 0 1 8 9 10
20210326:210000 5 3 9 191 5 -3.339E-01 1.374E-01 -1.003E-01 -4.165E-02 -4.327E-02 -3.345E-01 1.380E-01 -9.937E-02 -4.081E-02 -4.265E-02 0 1 8 9 10
20210327:210000 5 3 9 180 5 -3.327E-01 1.363E-01 -1.004E-01 -4.211E-02 -4.349E-02 -3.339E-01 1.374E-01 -1.003E-01 -4.165E-02 -4.327E-02 0 1 8 9 10
20210328:210000 5 3 9 259 5 -3.320E-01 1.360E-01 -1.014E-01 -4.345E-02 -4.392E-02 -3.327E-01 1.363E-01 -1.004E-01 -4.211E-02 -4.349E-02 0 1 8 9 10
20210329:210000 5 3 9 81 5 -3.321E-01 1.360E-01 -1.015E-01 -4.353E-02 -4.398E-02 -3.320E-01 1.360E-01 -1.014E-01 -4.345E-02 -4.392E-02 0 1 8 9 10
20210330:210000 5 3 9 137 5 -3.315E-01 1.358E-01 -1.017E-01 -4.399E-02 -4.405E-02 -3.321E-01 1.360E-01 -1.015E-01 -4.353E-02 -4.398E-02 0 1 8 9 10
20210331:210000 5 3 9 195 5 -3.310E-01 1.356E-01 -1.015E-01 -4.472E-02 -4.379E-02 -3.315E-01 1.358E-01 -1.017E-01 -4.399E-02 -4.405E-02 0 1 8 9 10
20210401:210000 5 3 9 122 5 -3.299E-01 1.353E-01 -1.030E-01 -4.494E-02 -4.442E-02 -3.310E-01 1.356E-01 -1.015E-01 -4.472E-02 -4.379E-02 0 1 8 9 10
20210402:210000 5 3 9 237 5 -3.278E-01 1.336E-01 -1.049E-01 -4.655E-02 -4.510E-02 -3.299E-01 1.353E-01 -1.030E-01 -4.494E-02 -4.442E-02 0 1 8 9 10
20210403:210000 5 3 9 79 5 -3.280E-01 1.337E-01 -1.055E-01 -4.676E-02 -4.534E-02 -3.278E-01 1.336E-01 -1.049E-01 -4.655E-02 -4.510E-02 0 1 8 9 10
20210404:210000 5 3 9 177 5 -3.268E-01 1.330E-01 -1.059E-01 -4.744E-02 -4.549E-02 -3.280E-01 1.337E-01 -1.055E-01 -4.676E-02 -4.534E-02 0 1 8 9 10
20210405:210000 5 3 9 267 5 -3.234E-01 1.290E-01 -1.078E-01 -4.910E-02 -4.654E-02 -3.268E-01 1.330E-01 -1.059E-01 -4.744E-02 -4.549E-02 0 1 8 9 10
20210406:210000 5 3 9 221 5 -3.216E-01 1.266E-01 -1.111E-01 -5.027E-02 -4.839E-02 -3.234E-01 1.290E-01 -1.078E-01 -4.910E-02 -4.654E-02 0 1 8 9 10
20210407:210000 5 3 9 247 5 -3.192E-01 1.232E-01 -1.124E-01 -5.281E-02 -4.899E-02 -3.216E-01 1.266E-01 -1.111E-01 -5.027E-02 -4.839E-02 0 1 8 9 10
20210408:210000 5 3 9 92 5 -3.191E-01 1.231E-01 -1.117E-01 -5.277E-02 -4.882E-02 -3.192E-01 1.232E-01 -1.124E-01 -5.281E-02 -4.899E-02 0 1 8 9 10
20210409:210000 5 3 9 146 5 -3.187E-01 1.225E-01 -1.112E-01 -5.317E-02 -4.840E-02 -3.191E-01 1.231E-01 -1.117E-01 -5.277E-02 -4.882E-02 0 1 8 9 10
20210410:210000 5 3 9 194 5 -3.185E-01 1.219E-01 -1.122E-01 -5.372E-02 -4.892E-02 -3.187E-01 1.225E-01 -1.112E-01 -5.317E-02 -4.840E-02 0 1 8 9 10
