20210314:090000 3 3 6 8 5 3.346E-02 1.094E-02 1.248E-02 -1.834E-02 1.061E-03 3.321E-02 1.112E-02 1.235E-02 -1.823E-02 1.016E-03 0 1 8 9 10
20210314:210000 3 3 6 33 5 6.622E-02 -1.379E-02 7.886E-02 -1.225E-02 -4.640E-02 6.670E-02 -1.422E-02 7.881E-02 -1.259E-02 -4.645E-02 0 1 8 9 10
20210315:090000 3 3 6 35 5 3.422E-02 1.059E-02 1.238E-02 -1.926E-02 7.788E-04 3.346E-02 1.094E-02 1.248E-02 -1.834E-02 1.061E-03 0 1 8 9 10
20210315:210000 3 3 6 60 5 6.423E-02 -1.228E-02 8.101E-02 -1.296E-02 -4.484E-02 6.622E-02 -1.379E-02 7.886E-02 -1.225E-02 -4.640E-02 0 1 8 9 10
20210316:090000 3 3 6 10 5 3.455E-02 1.039E-02 1.253E-02 -1.909E-02 8.798E-04 3.422E-02 1.059E-02 1.238E-02 -1.926E-02 7.788E-04 0 1 8 9 10
20210316:210000 3 3 6 68 5 6.257E-02 -1.078E-02 8.044E-02 -1.292E-02 -4.531E-02 6.423E-02 -1.228E-02 8.101E-02 -1.296E-02 -4.484E-02 0 1 8 9 10
20210317:090000 3 3 6 10 5 3.527E-02 9.727E-03 1.307E-02 -1.886E-02 1.237E-03 3.455E-02 1.039E-02 1.253E-02 -1.909E-02 8.798E-04 0 1 8 9 10
20210317:210000 3 3 6 6 5 6.232E-02 -1.050E-02 8.012E-02 -1.321E-02 -4.559E-02 6.257E-02 -1.078E-02 8.044E-02 -1.292E-02 -4.531E-02 0 1 8 9 10
20210318:090000 3 3 6 4 5 3.535E-02 9.622E-03 1.302E-02 -1.895E-02 1.210E-03 3.527E-02 9.727E-03 1.307E-02 -1.886E-02 1.237E-03 0 1 8 9 10
20210318:210000 3 3 6 63 5 6.293E-02 -1.045E-02 7.996E-02 -1.451E-02 -4.575E-02 6.232E-02 -1.050E-02 8.012E-02 -1.321E-02 -4.559E-02 0 1 8 9 10
20210319:090000 3 3 6 9 5 3.523E-02 9.719E-03 1.310E-02 -1.882E-02 1.281E-03 3.535E-02 9.622E-03 1.302E-02 -1.895E-02 1.210E-03 0 1 8 9 10
20210319:210000 3 3 6 67 5 6.308E-02 -1.065E-02 8.018E-02 -1.543E-02 -4.538E-02 6.293E-02 -1.045E-02 7.996E-02 -1.451E-02 -4.575E-02 0 1 8 9 10
20210320:090000 3 3 6 24 5 3.539E-02 9.901E-03 1.258E-02 -1.991E-02 6.569E-04 3.523E-02 9.719E-03 1.310E-02 -1.882E-02 1.281E-03 0 1 8 9 10
20210320:210000 3 3 6 57 5 6.341E-02 -1.082E-02 7.890E-02 -1.536E-02 -4.648E-02 6.308E-02 -1.065E-02 8.018E-02 -1.543E-02 -4.538E-02 0 1 8 9 10
20210321:090000 3 3 6 23 5 3.621E-02 9.297E-03 1.272E-02 -2.065E-02 4.626E-04 3.539E-02 9.901E-03 1.258E-02 -1.991E-02 6.569E-04 0 1 8 9 10
20210321:210000 3 3 6 60 5 6.285E-02 -1.029E-02 7.903E-02 -1.547E-02 -4.623E-02 6.341E-02 -1.082E-02 7.890E-02 -1.536E-02 -4.648E-02 0 1 8 9 10
20210322:090000 3 3 6 12 5 3.643E-02 9.127E-03 1.242E-02 -2.106E-02 2.450E-04 3.621E-02 9.297E-03 1.272E-02 -2.065E-02 4.626E-04 0 1 8 9 10
20210322:210000 3 3 6 10 5 6.276E-02 -1.020E-02 7.877E-02 -1.574E-02 -4.645E-02 6.285E-02 -1.029E-02 7.903E-02 -1.547E-02 -4.623E-02 0 1 8 9 10
20210323:090000 3 3 6 8 5 3.658E-02 9.034E-03 1.260E-02 -2.104E-02 2.948E-04 3.643E-02 9.127E-03 1.242E-02 -2.106E-02 2.450E-04 0 1 8 9 10
20210323:210000 3 3 6 46 5 6.279E-02 -1.017E-02 7.881E-02 -1.592E-02 -4.641E-02 6.276E-02 -1.020E-02 7.877E-02 -1.574E-02 -4.645E-02 0 1 8 9 10
20210324:090000 3 3 6 30 5 3.813E-02 8.158E-03 1.267E-02 -2.239E-02 2.005E-04 3.658E-02 9.034E-03 1.260E-02 -2.104E-02 2.948E-04 0 1 8 9 10
20210324:210000 3 3 6 62 5 6.331E-02 -1.031E-02 7.839E-02 -1.639E-02 -4.670E-02 6.279E-02 -1.017E-02 7.881E-02 -1.592E-02 -4.641E-02 0 1 8 9 10
20210325:090000 3 3 6 19 5 3.766E-02 8.551E-03 1.216E-02 -2.282E-02 -3.298E-04 3.813E-02 8.158E-03 1.267E-02 -2.239E-02 2.005E-04 0 1 8 9 10
20210325:210000 3 3 6 103 5 6.213E-02 -9.238E-03 7.911E-02 -1.710E-02 -4.649E-02 6.331E-02 -1.031E-02 7.839E-02 -1.639E-02 -4.670E-02 0 1 8 9 10
20210326:090000 3 3 6 19 5 3.715E-02 8.880E-03 1.158E-02 -2.317E-02 -9.513E-04 3.766E-02 8.551E-03 1.216E-02 -2.282E-02 -3.298E-04 0 1 8 9 10
20210326:210000 3 3 6 53 5 6.280E-02 -9.687E-03 7.882E-02 -1.805E-02 -4.674E-02 6.213E-02 -9.238E-03 7.911E-02 -1.710E-02 -4.649E-02 0 1 8 9 10
20210327:090000 3 3 6 6 5 3.698E-02 9.084E-03 1.142E-02 -2.323E-02 -1.052E-03 3.715E-02 8.880E-03 1.158E-02 -2.317E-02 -9.513E-04 0 1 8 9 10
20210327:210000 3 3 6 15 5 6.246E-02 -9.430E-03 7.850E-02 -1.813E-02 -4.699E-02 6.280E-02 -9.687E-03 7.882E-02 -1.805E-02 -4.674E-02 0 1 8 9 10
20210328:090000 3 3 6 3 5 3.684E-02 9.187E-03 1.126E-02 -2.335E-02 -1.197E-03 3.698E-02 9.084E-03 1.142E-02 -2.323E-02 -1.052E-03 0 1 8 9 10
20210328:210000 3 3 6 36 5 6.082E-02 -8.810E-03 7.760E-02 -1.850E-02 -4.772E-02 6.246E-02 -9.430E-03 7.850E-02 -1.813E-02 -4.699E-02 0 1 8 9 10
20210329:090000 3 3 6 21 5 3.762E-02 8.980E-03 1.143E-02 -2.330E-02 -1.081E-03 3.684E-02 9.187E-03 1.126E-02 -2.335E-02 -1.197E-03 0 1 8 9 10
20210329:210000 3 3 6 88 5 6.030E-02 -8.651E-03 7.644E-02 -1.860E-02 -4.862E-02 6.082E-02 -8.810E-03 7.760E-02 -1.850E-02 -4.772E-02 0 1 8 9 10
20210330:090000 3 3 6 27 5 3.827E-02 8.858E-03 1.116E-02 -2.337E-02 -1.349E-03 3.762E-02 8.980E-03 1.143E-02 -2.330E-02 -1.081E-03 0 1 8 9 10
20210330:210000 3 3 6 85 5 5.981E-02 -8.632E-03 7.638E-02 -1.912E-02 -4.848E-02 6.030E-02 -8.651E-03 7.644E-02 -1.860E-02 -4.862E-02 0 1 8 9 10
20210331:090000 3 3 6 14 5 3.881E-02 8.690E-03 1.120E-02 -2.377E-02 -1.508E-03 3.827E-02 8.858E-03 1.116E-02 -2.337E-02 -1.349E-03 0 1 8 9 10
20210331:210000 3 3 6 29 5 5.915E-02 -8.222E-03 7.704E-02 -1.961E-02 -4.783E-02 5.981E-02 -8.632E-03 7.638E-02 -1.912E-02 -4.848E-02 0 1 8 9 10
20210401:090000 3 3 6 10 5 3.892E-02 8.723E-03 1.089E-02 -2.426E-02 -1.788E-03 3.881E-02 8.690E-03 1.120E-02 -2.377E-02 -1.508E-03 0 1 8 9 10
20210401:210000 3 3 6 12 5 5.924E-02 -8.259E-03 7.714E-02 -1.963E-02 -4.779E-02 5.915E-02 -8.222E-03 7.704E-02 -1.961E-02 -4.783E-02 0 1 8 9 10
20210402:090000 3 3 6 18 5 3.955E-02 8.502E-03 1.125E-02 -2.448E-02 -1.669E-03 3.892E-02 8.723E-03 1.089E-02 -2.426E-02 -1.788E-03 0 1 8 9 10
20210402:210000 3 3 6 74 5 6.002E-02 -8.480E-03 7.599E-02 -2.023E-02 -4.871E-02 5.924E-02 -8.259E-03 7.714E-02 -1.963E-02 -4.779E-02 0 1 8 9 10
20210403:090000 3 3 6 47 5 3.846E-02 9.377E-03 1.012E-02 -2.529E-02 -2.528E-03 3.955E-02 8.502E-03 1.125E-02 -2.448E-02 -1.669E-03 0 1 8 9 10
20210403:210000 3 3 6 63 5 6.146E-02 -9.207E-03 7.529E-02 -2.153E-02 -4.895E-02 6.002E-02 -8.480E-03 7.599E-02 -2.023E-02 -4.871E-02 0 1 8 9 10
20210404:090000 3 3 6 19 5 3.952E-02 8.969E-03 1.070E-02 -2.499E-02 -2.162E-03 3.846E-02 9.377E-03 1.012E-02 -2.529E-02 -2.528E-03 0 1 8 9 10
20210404:210000 3 3 6 37 5 6.115E-02 -9.020E-03 7.434E-02 -2.202E-02 -4.956E-02 6.146E-02 -9.207E-03 7.529E-02 -2.153E-02 -4.895E-02 0 1 8 9 10
20210405:090000 3 3 6 14 5 3.916E-02 9.530E-03 1.040E-02 -2.502E-02 -2.289E-03 3.952E-02 8.969E-03 1.070E-02 -2.499E-02 -2.162E-03 0 1 8 9 10
20210405:210000 3 3 6 11 5 6.109E-02 -8.906E-03 7.398E-02 -2.253E-02 -4.988E-02 6.115E-02 -9.020E-03 7.434E-02 -2.202E-02 -4.956E-02 0 1 8 9 10
20210406:090000 3 3 6 10 5 3.916E-02 9.494E-03 1.036E-02 -2.503E-02 -2.301E-03 3.916E-02 9.530E-03 1.040E-02 -2.502E-02 -2.289E-03 0 1 8 9 10
20210406:210000 3 3 6 22 5 6.082E-02 -8.636E-03 7.399E-02 -2.246E-02 -4.998E-02 6.109E-02 -8.906E-03 7.398E-02 -2.253E-02 -4.988E-02 0 1 8 9 10
20210407:090000 3 3 6 11 5 3.909E-02 9.590E-03 1.030E-02 -2.504E-02 -2.331E-03 3.916E-02 9.494E-03 1.036E-02 -2.503E-02 -2.301E-03 0 1 8 9 10
20210407:210000 3 3 6 20 5 6.063E-02 -8.433E-03 7.410E-02 -2.259E-02 -4.989E-02 6.082E-02 -8.636E-03 7.399E-02 -2.246E-02 -4.998E-02 0 1 8 9 10
20210408:090000 3 3 6 41 5 3.847E-02 1.078E-02 8.932E-03 -2.603E-02 -3.514E-03 3.909E-02 9.590E-03 1.030E-02 -2.504E-02 -2.331E-03 0 1 8 9 10
20210408:210000 3 3 6 21 5 5.975E-02 -7.893E-03 7.519E-02 -2.279E-02 -4.912E-02 6.063E-02 -8.433E-03 7.410E-02 -2.259E-02 -4.989E-02 0 1 8 9 10
20210409:090000 3 3 6 24 5 3.850E-02 1.097E-02 8.727E-03 -2.619E-02 -3.834E-03 3.847E-02 1.078E-02 8.932E-03 -2.603E-02 -3.514E-03 0 1 8 9 10
20210409:210000 3 3 6 79 5 5.917E-02 -8.131E-03 7.592E-02 -2.322E-02 -4.861E-02 5.975E-02 -7.893E-03 7.519E-02 -2.279E-02 -4.912E-02 0 1 8 9 10
20210410:090000 3 3 6 21 5 3.822E-02 1.124E-02 8.732E-03 -2.608E-02 -3.822E-03 3.850E-02 1.097E-02 8.727E-03 -2.619E-02 -3.834E-03 0 1 8 9 10
20210410:210000 3 3 6 24 5 5.954E-02 -8.250E-03 7.608E-02 -2.298E-02 -4.831E-02 5.917E-02 -8.131E-03 7.592E-02 -2.322E-02 -4.861E-02 0 1 8 9 10
