20210314:210000 3 15 3 231 5 8.198E-01 6.023E-01 -3.877E-02 2.960E-02 6.847E-02 8.214E-01 6.011E-01 -4.172E-02 2.708E-02 6.594E-02 0 1 8 9 10
20210315:210000 3 15 3 330 5 8.152E-01 6.047E-01 -3.622E-02 2.792E-02 7.087E-02 8.198E-01 6.023E-01 -3.877E-02 2.960E-02 6.847E-02 0 1 8 9 10
20210316:210000 3 15 3 257 5 8.206E-01 5.995E-01 -4.602E-02 2.568E-02 6.308E-02 8.152E-01 6.047E-01 -3.622E-02 2.792E-02 7.087E-02 0 1 8 9 10
20210317:210000 3 15 3 118 5 8.251E-01 5.972E-01 -4.902E-02 2.166E-02 6.072E-02 8.206E-01 5.995E-01 -4.602E-02 2.568E-02 6.308E-02 0 1 8 9 10
20210318:210000 3 15 3 208 5 8.182E-01 5.991E-01 -4.001E-02 2.177E-02 6.576E-02 8.251E-01 5.972E-01 -4.902E-02 2.166E-02 6.072E-02 0 1 8 9 10
20210319:210000 3 15 3 245 5 8.085E-01 6.049E-01 -2.995E-02 2.733E-02 7.105E-02 8.182E-01 5.991E-01 -4.001E-02 2.177E-02 6.576E-02 0 1 8 9 10
20210320:210000 3 15 3 303 5 8.221E-01 5.969E-01 -4.407E-02 2.713E-02 6.260E-02 8.085E-01 6.049E-01 -2.995E-02 2.733E-02 7.105E-02 0 1 8 9 10
20210321:210000 3 15 3 276 5 8.060E-01 6.041E-01 -3.505E-02 3.116E-02 7.007E-02 8.221E-01 5.969E-01 -4.407E-02 2.713E-02 6.260E-02 0 1 8 9 10
20210322:210000 3 15 3 150 5 8.048E-01 6.052E-01 -3.801E-02 3.091E-02 6.774E-02 8.060E-01 6.041E-01 -3.505E-02 3.116E-02 7.007E-02 0 1 8 9 10
20210323:210000 3 15 3 216 5 8.029E-01 6.060E-01 -3.807E-02 2.671E-02 6.665E-02 8.048E-01 6.052E-01 -3.801E-02 3.091E-02 6.774E-02 0 1 8 9 10
20210324:210000 3 15 3 351 5 7.935E-01 6.124E-01 -5.202E-02 2.466E-02 5.730E-02 8.029E-01 6.060E-01 -3.807E-02 2.671E-02 6.665E-02 0 1 8 9 10
20210325:210000 3 15 3 315 5 7.905E-01 6.150E-01 -4.944E-02 2.466E-02 5.951E-02 7.935E-01 6.124E-01 -5.202E-02 2.466E-02 5.730E-02 0 1 8 9 10
20210326:210000 3 15 3 295 5 8.157E-01 5.952E-01 -5.547E-02 2.282E-02 5.698E-02 7.905E-01 6.150E-01 -4.944E-02 2.466E-02 5.951E-02 0 1 8 9 10
20210327:210000 3 15 3 201 5 8.289E-01 5.865E-01 -6.911E-02 3.535E-03 4.726E-02 8.157E-01 5.952E-01 -5.547E-02 2.282E-02 5.698E-02 0 1 8 9 10
20210328:210000 3 15 3 226 5 8.136E-01 5.897E-01 -5.893E-02 1.151E-02 5.247E-02 8.289E-01 5.865E-01 -6.911E-02 3.535E-03 4.726E-02 0 1 8 9 10
20210329:210000 3 15 3 360 5 7.876E-01 5.948E-01 -6.119E-02 1.285E-02 5.503E-02 8.136E-01 5.897E-01 -5.893E-02 1.151E-02 5.247E-02 0 1 8 9 10
20210330:210000 3 15 3 301 5 7.937E-01 5.919E-01 -6.141E-02 2.773E-03 5.665E-02 7.876E-01 5.948E-01 -6.119E-02 1.285E-02 5.503E-02 0 1 8 9 10
20210331:210000 3 15 3 186 5 7.872E-01 5.952E-01 -6.065E-02 6.748E-03 5.817E-02 7.937E-01 5.919E-01 -6.141E-02 2.773E-03 5.665E-02 0 1 8 9 10
20210401:210000 3 15 3 171 5 7.820E-01 5.968E-01 -6.314E-02 7.810E-03 5.743E-02 7.872E-01 5.952E-01 -6.065E-02 6.748E-03 5.817E-02 0 1 8 9 10
20210402:210000 3 15 3 208 5 7.749E-01 5.999E-01 -6.179E-02 7.092E-03 5.970E-02 7.820E-01 5.968E-01 -6.314E-02 7.810E-03 5.743E-02 0 1 8 9 10
20210403:210000 3 15 3 300 5 7.662E-01 6.055E-01 -5.839E-02 1.304E-02 6.227E-02 7.749E-01 5.999E-01 -6.179E-02 7.092E-03 5.970E-02 0 1 8 9 10
20210404:210000 3 15 3 244 5 7.846E-01 5.966E-01 -5.988E-02 9.641E-03 6.091E-02 7.662E-01 6.055E-01 -5.839E-02 1.304E-02 6.227E-02 0 1 8 9 10
20210405:210000 3 15 3 121 5 7.791E-01 5.995E-01 -5.545E-02 1.822E-02 6.381E-02 7.846E-01 5.966E-01 -5.988E-02 9.641E-03 6.091E-02 0 1 8 9 10
20210406:210000 3 15 3 187 5 7.834E-01 5.931E-01 -5.232E-02 1.689E-02 6.529E-02 7.791E-01 5.995E-01 -5.545E-02 1.822E-02 6.381E-02 0 1 8 9 10
20210407:210000 3 15 3 230 5 7.795E-01 5.977E-01 -5.298E-02 1.917E-02 6.579E-02 7.834E-01 5.931E-01 -5.232E-02 1.689E-02 6.529E-02 0 1 8 9 10
20210408:210000 3 15 3 321 5 7.773E-01 5.971E-01 -5.217E-02 1.583E-02 6.471E-02 7.795E-01 5.977E-01 -5.298E-02 1.917E-02 6.579E-02 0 1 8 9 10
20210409:210000 3 15 3 272 5 7.799E-01 5.932E-01 -6.170E-02 1.280E-02 5.820E-02 7.773E-01 5.971E-01 -5.217E-02 1.583E-02 6.471E-02 0 1 8 9 10
20210410:210000 3 15 3 140 5 7.817E-01 5.942E-01 -5.819E-02 1.231E-02 5.909E-02 7.799E-01 5.932E-01 -6.170E-02 1.280E-02 5.820E-02 0 1 8 9 10
