20210314:090000 3 15 3 109 5 4.789E-01 4.656E-02 7.979E-02 -1.920E-01 -8.748E-02 4.753E-01 4.975E-02 7.852E-02 -1.895E-01 -8.728E-02 0 1 8 9 10
20210314:210000 3 15 3 231 5 8.198E-01 6.023E-01 -3.877E-02 2.960E-02 6.847E-02 8.214E-01 6.011E-01 -4.172E-02 2.708E-02 6.594E-02 0 1 8 9 10
20210315:090000 3 15 3 291 5 4.747E-01 4.875E-02 7.139E-02 -1.852E-01 -9.012E-02 4.789E-01 4.656E-02 7.979E-02 -1.920E-01 -8.748E-02 0 1 8 9 10
20210315:210000 3 15 3 330 5 8.152E-01 6.047E-01 -3.622E-02 2.792E-02 7.087E-02 8.198E-01 6.023E-01 -3.877E-02 2.960E-02 6.847E-02 0 1 8 9 10
20210316:090000 3 15 3 284 5 4.660E-01 5.549E-02 7.161E-02 -1.707E-01 -8.818E-02 4.747E-01 4.875E-02 7.139E-02 -1.852E-01 -9.012E-02 0 1 8 9 10
20210316:210000 3 15 3 257 5 8.206E-01 5.995E-01 -4.602E-02 2.568E-02 6.308E-02 8.152E-01 6.047E-01 -3.622E-02 2.792E-02 7.087E-02 0 1 8 9 10
20210317:090000 3 15 3 219 5 4.672E-01 5.339E-02 6.995E-02 -1.708E-01 -8.941E-02 4.660E-01 5.549E-02 7.161E-02 -1.707E-01 -8.818E-02 0 1 8 9 10
20210317:210000 3 15 3 118 5 8.251E-01 5.972E-01 -4.902E-02 2.166E-02 6.072E-02 8.206E-01 5.995E-01 -4.602E-02 2.568E-02 6.308E-02 0 1 8 9 10
20210318:090000 3 15 3 169 5 4.661E-01 5.544E-02 7.192E-02 -1.659E-01 -8.683E-02 4.672E-01 5.339E-02 6.995E-02 -1.708E-01 -8.941E-02 0 1 8 9 10
20210318:210000 3 15 3 208 5 8.182E-01 5.991E-01 -4.001E-02 2.177E-02 6.576E-02 8.251E-01 5.972E-01 -4.902E-02 2.166E-02 6.072E-02 0 1 8 9 10
20210319:090000 3 15 3 140 5 4.627E-01 5.643E-02 6.799E-02 -1.603E-01 -8.768E-02 4.661E-01 5.544E-02 7.192E-02 -1.659E-01 -8.683E-02 0 1 8 9 10
20210319:210000 3 15 3 245 5 8.085E-01 6.049E-01 -2.995E-02 2.733E-02 7.105E-02 8.182E-01 5.991E-01 -4.001E-02 2.177E-02 6.576E-02 0 1 8 9 10
20210320:090000 3 15 3 260 5 4.855E-01 4.490E-02 7.669E-02 -1.658E-01 -8.549E-02 4.627E-01 5.643E-02 6.799E-02 -1.603E-01 -8.768E-02 0 1 8 9 10
20210320:210000 3 15 3 303 5 8.221E-01 5.969E-01 -4.407E-02 2.713E-02 6.260E-02 8.085E-01 6.049E-01 -2.995E-02 2.733E-02 7.105E-02 0 1 8 9 10
20210321:090000 3 15 3 281 5 4.900E-01 4.194E-02 7.541E-02 -1.518E-01 -8.789E-02 4.855E-01 4.490E-02 7.669E-02 -1.658E-01 -8.549E-02 0 1 8 9 10
20210321:210000 3 15 3 276 5 8.060E-01 6.041E-01 -3.505E-02 3.116E-02 7.007E-02 8.221E-01 5.969E-01 -4.407E-02 2.713E-02 6.260E-02 0 1 8 9 10
20210322:090000 3 15 3 201 5 4.803E-01 4.672E-02 7.199E-02 -1.420E-01 -8.765E-02 4.900E-01 4.194E-02 7.541E-02 -1.518E-01 -8.789E-02 0 1 8 9 10
20210322:210000 3 15 3 150 5 8.048E-01 6.052E-01 -3.801E-02 3.091E-02 6.774E-02 8.060E-01 6.041E-01 -3.505E-02 3.116E-02 7.007E-02 0 1 8 9 10
20210323:090000 3 15 3 159 5 4.794E-01 4.771E-02 7.270E-02 -1.387E-01 -8.553E-02 4.803E-01 4.672E-02 7.199E-02 -1.420E-01 -8.765E-02 0 1 8 9 10
20210323:210000 3 15 3 216 5 8.029E-01 6.060E-01 -3.807E-02 2.671E-02 6.665E-02 8.048E-01 6.052E-01 -3.801E-02 3.091E-02 6.774E-02 0 1 8 9 10
20210324:090000 3 15 3 229 5 4.892E-01 3.908E-02 7.416E-02 -1.455E-01 -8.765E-02 4.794E-01 4.771E-02 7.270E-02 -1.387E-01 -8.553E-02 0 1 8 9 10
20210324:210000 3 15 3 351 5 7.935E-01 6.124E-01 -5.202E-02 2.466E-02 5.730E-02 8.029E-01 6.060E-01 -3.807E-02 2.671E-02 6.665E-02 0 1 8 9 10
20210325:090000 3 15 3 259 5 4.971E-01 3.318E-02 6.695E-02 -1.464E-01 -9.442E-02 4.892E-01 3.908E-02 7.416E-02 -1.455E-01 -8.765E-02 0 1 8 9 10
20210325:210000 3 15 3 315 5 7.905E-01 6.150E-01 -4.944E-02 2.466E-02 5.951E-02 7.935E-01 6.124E-01 -5.202E-02 2.466E-02 5.730E-02 0 1 8 9 10
20210326:090000 3 15 3 266 5 4.947E-01 3.383E-02 6.824E-02 -1.340E-01 -9.278E-02 4.971E-01 3.318E-02 6.695E-02 -1.464E-01 -9.442E-02 0 1 8 9 10
20210326:210000 3 15 3 295 5 8.157E-01 5.952E-01 -5.547E-02 2.282E-02 5.698E-02 7.905E-01 6.150E-01 -4.944E-02 2.466E-02 5.951E-02 0 1 8 9 10
20210327:090000 3 15 3 201 5 5.014E-01 2.804E-02 6.701E-02 -1.400E-01 -9.432E-02 4.947E-01 3.383E-02 6.824E-02 -1.340E-01 -9.278E-02 0 1 8 9 10
20210327:210000 3 15 3 201 5 8.289E-01 5.865E-01 -6.911E-02 3.535E-03 4.726E-02 8.157E-01 5.952E-01 -5.547E-02 2.282E-02 5.698E-02 0 1 8 9 10
20210328:090000 3 15 3 158 5 5.080E-01 2.315E-02 7.355E-02 -1.373E-01 -8.992E-02 5.014E-01 2.804E-02 6.701E-02 -1.400E-01 -9.432E-02 0 1 8 9 10
20210328:210000 3 15 3 226 5 8.136E-01 5.897E-01 -5.893E-02 1.151E-02 5.247E-02 8.289E-01 5.865E-01 -6.911E-02 3.535E-03 4.726E-02 0 1 8 9 10
20210329:090000 3 15 3 250 5 4.948E-01 2.824E-02 6.110E-02 -1.267E-01 -9.506E-02 5.080E-01 2.315E-02 7.355E-02 -1.373E-01 -8.992E-02 0 1 8 9 10
20210329:210000 3 15 3 360 5 7.876E-01 5.948E-01 -6.119E-02 1.285E-02 5.503E-02 8.136E-01 5.897E-01 -5.893E-02 1.151E-02 5.247E-02 0 1 8 9 10
20210330:090000 3 15 3 250 5 4.944E-01 2.859E-02 5.531E-02 -1.267E-01 -9.922E-02 4.948E-01 2.824E-02 6.110E-02 -1.267E-01 -9.506E-02 0 1 8 9 10
20210330:210000 3 15 3 301 5 7.937E-01 5.919E-01 -6.141E-02 2.773E-03 5.665E-02 7.876E-01 5.948E-01 -6.119E-02 1.285E-02 5.503E-02 0 1 8 9 10
20210331:090000 3 15 3 271 5 5.008E-01 2.577E-02 5.548E-02 -1.290E-01 -9.870E-02 4.944E-01 2.859E-02 5.531E-02 -1.267E-01 -9.922E-02 0 1 8 9 10
20210331:210000 3 15 3 186 5 7.872E-01 5.952E-01 -6.065E-02 6.748E-03 5.817E-02 7.937E-01 5.919E-01 -6.141E-02 2.773E-03 5.665E-02 0 1 8 9 10
20210401:090000 3 15 3 190 5 4.937E-01 2.878E-02 5.135E-02 -1.249E-01 -9.933E-02 5.008E-01 2.577E-02 5.548E-02 -1.290E-01 -9.870E-02 0 1 8 9 10
20210401:210000 3 15 3 171 5 7.820E-01 5.968E-01 -6.314E-02 7.810E-03 5.743E-02 7.872E-01 5.952E-01 -6.065E-02 6.748E-03 5.817E-02 0 1 8 9 10
20210402:090000 3 15 3 142 5 4.919E-01 2.898E-02 5.287E-02 -1.198E-01 -9.684E-02 4.937E-01 2.878E-02 5.135E-02 -1.249E-01 -9.933E-02 0 1 8 9 10
20210402:210000 3 15 3 208 5 7.749E-01 5.999E-01 -6.179E-02 7.092E-03 5.970E-02 7.820E-01 5.968E-01 -6.314E-02 7.810E-03 5.743E-02 0 1 8 9 10
20210403:090000 3 15 3 256 5 4.987E-01 2.511E-02 5.542E-02 -1.187E-01 -9.464E-02 4.919E-01 2.898E-02 5.287E-02 -1.198E-01 -9.684E-02 0 1 8 9 10
20210403:210000 3 15 3 300 5 7.662E-01 6.055E-01 -5.839E-02 1.304E-02 6.227E-02 7.749E-01 5.999E-01 -6.179E-02 7.092E-03 5.970E-02 0 1 8 9 10
20210404:090000 3 15 3 243 5 4.993E-01 2.563E-02 6.032E-02 -1.108E-01 -9.232E-02 4.987E-01 2.511E-02 5.542E-02 -1.187E-01 -9.464E-02 0 1 8 9 10
20210404:210000 3 15 3 244 5 7.846E-01 5.966E-01 -5.988E-02 9.641E-03 6.091E-02 7.662E-01 6.055E-01 -5.839E-02 1.304E-02 6.227E-02 0 1 8 9 10
20210405:090000 3 15 3 239 5 5.075E-01 1.777E-02 6.121E-02 -1.130E-01 -9.112E-02 4.993E-01 2.563E-02 6.032E-02 -1.108E-01 -9.232E-02 0 1 8 9 10
20210405:210000 3 15 3 121 5 7.791E-01 5.995E-01 -5.545E-02 1.822E-02 6.381E-02 7.846E-01 5.966E-01 -5.988E-02 9.641E-03 6.091E-02 0 1 8 9 10
20210406:090000 3 15 3 181 5 5.105E-01 1.731E-02 5.784E-02 -1.181E-01 -9.327E-02 5.075E-01 1.777E-02 6.121E-02 -1.130E-01 -9.112E-02 0 1 8 9 10
20210406:210000 3 15 3 187 5 7.834E-01 5.931E-01 -5.232E-02 1.689E-02 6.529E-02 7.791E-01 5.995E-01 -5.545E-02 1.822E-02 6.381E-02 0 1 8 9 10
20210407:090000 3 15 3 117 5 5.096E-01 1.838E-02 5.706E-02 -1.185E-01 -9.405E-02 5.105E-01 1.731E-02 5.784E-02 -1.181E-01 -9.327E-02 0 1 8 9 10
20210407:210000 3 15 3 230 5 7.795E-01 5.977E-01 -5.298E-02 1.917E-02 6.579E-02 7.834E-01 5.931E-01 -5.232E-02 1.689E-02 6.529E-02 0 1 8 9 10
20210408:090000 3 15 3 276 5 4.858E-01 2.833E-02 5.263E-02 -9.794E-02 -9.221E-02 5.096E-01 1.838E-02 5.706E-02 -1.185E-01 -9.405E-02 0 1 8 9 10
20210408:210000 3 15 3 321 5 7.773E-01 5.971E-01 -5.217E-02 1.583E-02 6.471E-02 7.795E-01 5.977E-01 -5.298E-02 1.917E-02 6.579E-02 0 1 8 9 10
20210409:090000 3 15 3 299 5 4.785E-01 3.396E-02 5.708E-02 -9.367E-02 -8.625E-02 4.858E-01 2.833E-02 5.263E-02 -9.794E-02 -9.221E-02 0 1 8 9 10
20210409:210000 3 15 3 272 5 7.799E-01 5.932E-01 -6.170E-02 1.280E-02 5.820E-02 7.773E-01 5.971E-01 -5.217E-02 1.583E-02 6.471E-02 0 1 8 9 10
20210410:090000 3 15 3 240 5 4.720E-01 3.917E-02 5.594E-02 -8.837E-02 -8.413E-02 4.785E-01 3.396E-02 5.708E-02 -9.367E-02 -8.625E-02 0 1 8 9 10
20210410:210000 3 15 3 140 5 7.817E-01 5.942E-01 -5.819E-02 1.231E-02 5.909E-02 7.799E-01 5.932E-01 -6.170E-02 1.280E-02 5.820E-02 0 1 8 9 10
