20210314:090000 3 3 9 22 5 9.779E-02 1.439E-01 8.354E-04 -2.725E-02 -1.532E-02 9.672E-02 1.450E-01 -5.452E-05 -2.736E-02 -1.582E-02 0 1 8 9 10
20210314:210000 3 3 9 158 5 2.263E-01 1.664E-01 7.012E-02 4.379E-02 -1.297E-01 2.252E-01 1.671E-01 7.279E-02 4.575E-02 -1.280E-01 0 1 8 9 10
20210315:090000 3 3 9 81 5 9.821E-02 1.438E-01 1.153E-03 -2.757E-02 -1.528E-02 9.779E-02 1.439E-01 8.354E-04 -2.725E-02 -1.532E-02 0 1 8 9 10
20210315:210000 3 3 9 128 5 2.265E-01 1.660E-01 6.907E-02 4.292E-02 -1.304E-01 2.263E-01 1.664E-01 7.012E-02 4.379E-02 -1.297E-01 0 1 8 9 10
20210316:090000 3 3 9 29 5 9.992E-02 1.428E-01 2.430E-03 -2.702E-02 -1.440E-02 9.821E-02 1.438E-01 1.153E-03 -2.757E-02 -1.528E-02 0 1 8 9 10
20210316:210000 3 3 9 174 5 2.273E-01 1.647E-01 6.711E-02 4.139E-02 -1.319E-01 2.265E-01 1.660E-01 6.907E-02 4.292E-02 -1.304E-01 0 1 8 9 10
20210317:090000 3 3 9 26 5 1.011E-01 1.417E-01 3.375E-03 -2.705E-02 -1.387E-02 9.992E-02 1.428E-01 2.430E-03 -2.702E-02 -1.440E-02 0 1 8 9 10
20210317:210000 3 3 9 19 5 2.270E-01 1.649E-01 6.682E-02 4.125E-02 -1.322E-01 2.273E-01 1.647E-01 6.711E-02 4.139E-02 -1.319E-01 0 1 8 9 10
20210318:090000 3 3 9 20 5 1.016E-01 1.411E-01 3.557E-03 -2.735E-02 -1.390E-02 1.011E-01 1.417E-01 3.375E-03 -2.705E-02 -1.387E-02 0 1 8 9 10
20210318:210000 3 3 9 147 5 2.250E-01 1.665E-01 6.472E-02 4.037E-02 -1.334E-01 2.270E-01 1.649E-01 6.682E-02 4.125E-02 -1.322E-01 0 1 8 9 10
20210319:090000 3 3 9 30 5 1.024E-01 1.400E-01 4.036E-03 -2.765E-02 -1.383E-02 1.016E-01 1.411E-01 3.557E-03 -2.735E-02 -1.390E-02 0 1 8 9 10
20210319:210000 3 3 9 171 5 2.237E-01 1.675E-01 6.434E-02 3.960E-02 -1.335E-01 2.250E-01 1.665E-01 6.472E-02 4.037E-02 -1.334E-01 0 1 8 9 10
20210320:090000 3 3 9 67 5 1.040E-01 1.392E-01 5.117E-03 -2.760E-02 -1.335E-02 1.024E-01 1.400E-01 4.036E-03 -2.765E-02 -1.383E-02 0 1 8 9 10
20210320:210000 3 3 9 161 5 2.233E-01 1.677E-01 6.465E-02 3.885E-02 -1.332E-01 2.237E-01 1.675E-01 6.434E-02 3.960E-02 -1.335E-01 0 1 8 9 10
20210321:090000 3 3 9 42 5 1.060E-01 1.381E-01 5.852E-03 -2.684E-02 -1.320E-02 1.040E-01 1.392E-01 5.117E-03 -2.760E-02 -1.335E-02 0 1 8 9 10
20210321:210000 3 3 9 143 5 2.236E-01 1.673E-01 6.424E-02 3.713E-02 -1.331E-01 2.233E-01 1.677E-01 6.465E-02 3.885E-02 -1.332E-01 0 1 8 9 10
20210322:090000 3 3 9 28 5 1.077E-01 1.371E-01 6.931E-03 -2.684E-02 -1.268E-02 1.060E-01 1.381E-01 5.852E-03 -2.684E-02 -1.320E-02 0 1 8 9 10
20210322:210000 3 3 9 28 5 2.234E-01 1.674E-01 6.361E-02 3.668E-02 -1.335E-01 2.236E-01 1.673E-01 6.424E-02 3.713E-02 -1.331E-01 0 1 8 9 10
20210323:090000 3 3 9 22 5 1.079E-01 1.370E-01 7.348E-03 -2.649E-02 -1.241E-02 1.077E-01 1.371E-01 6.931E-03 -2.684E-02 -1.268E-02 0 1 8 9 10
20210323:210000 3 3 9 109 5 2.216E-01 1.685E-01 6.343E-02 3.592E-02 -1.337E-01 2.234E-01 1.674E-01 6.361E-02 3.668E-02 -1.335E-01 0 1 8 9 10
20210324:090000 3 3 9 68 5 1.106E-01 1.349E-01 7.113E-03 -2.766E-02 -1.317E-02 1.079E-01 1.370E-01 7.348E-03 -2.649E-02 -1.241E-02 0 1 8 9 10
20210324:210000 3 3 9 198 5 2.225E-01 1.676E-01 6.245E-02 3.454E-02 -1.343E-01 2.216E-01 1.685E-01 6.343E-02 3.592E-02 -1.337E-01 0 1 8 9 10
20210325:090000 3 3 9 51 5 1.102E-01 1.351E-01 6.665E-03 -2.801E-02 -1.372E-02 1.106E-01 1.349E-01 7.113E-03 -2.766E-02 -1.317E-02 0 1 8 9 10
20210325:210000 3 3 9 238 5 2.234E-01 1.670E-01 6.166E-02 3.372E-02 -1.347E-01 2.225E-01 1.676E-01 6.245E-02 3.454E-02 -1.343E-01 0 1 8 9 10
20210326:090000 3 3 9 33 5 1.115E-01 1.342E-01 7.364E-03 -2.775E-02 -1.329E-02 1.102E-01 1.351E-01 6.665E-03 -2.801E-02 -1.372E-02 0 1 8 9 10
20210326:210000 3 3 9 119 5 2.239E-01 1.666E-01 6.103E-02 3.304E-02 -1.350E-01 2.234E-01 1.670E-01 6.166E-02 3.372E-02 -1.347E-01 0 1 8 9 10
20210327:090000 3 3 9 19 5 1.123E-01 1.335E-01 7.896E-03 -2.787E-02 -1.305E-02 1.115E-01 1.342E-01 7.364E-03 -2.775E-02 -1.329E-02 0 1 8 9 10
20210327:210000 3 3 9 24 5 2.229E-01 1.673E-01 6.020E-02 3.269E-02 -1.356E-01 2.239E-01 1.666E-01 6.103E-02 3.304E-02 -1.350E-01 0 1 8 9 10
20210328:090000 3 3 9 9 5 1.121E-01 1.336E-01 7.852E-03 -2.776E-02 -1.310E-02 1.123E-01 1.335E-01 7.896E-03 -2.787E-02 -1.305E-02 0 1 8 9 10
20210328:210000 3 3 9 73 5 2.220E-01 1.678E-01 5.880E-02 3.153E-02 -1.366E-01 2.229E-01 1.673E-01 6.020E-02 3.269E-02 -1.356E-01 0 1 8 9 10
20210329:090000 3 3 9 78 5 1.110E-01 1.338E-01 7.117E-03 -2.816E-02 -1.382E-02 1.121E-01 1.336E-01 7.852E-03 -2.776E-02 -1.310E-02 0 1 8 9 10
20210329:210000 3 3 9 217 5 2.223E-01 1.679E-01 5.725E-02 3.012E-02 -1.376E-01 2.220E-01 1.678E-01 5.880E-02 3.153E-02 -1.366E-01 0 1 8 9 10
20210330:090000 3 3 9 53 5 1.110E-01 1.338E-01 7.080E-03 -2.846E-02 -1.416E-02 1.110E-01 1.338E-01 7.117E-03 -2.816E-02 -1.382E-02 0 1 8 9 10
20210330:210000 3 3 9 160 5 2.216E-01 1.681E-01 5.666E-02 2.932E-02 -1.379E-01 2.223E-01 1.679E-01 5.725E-02 3.012E-02 -1.376E-01 0 1 8 9 10
20210331:090000 3 3 9 27 5 1.122E-01 1.335E-01 7.410E-03 -2.852E-02 -1.408E-02 1.110E-01 1.338E-01 7.080E-03 -2.846E-02 -1.416E-02 0 1 8 9 10
20210331:210000 3 3 9 55 5 2.211E-01 1.682E-01 5.626E-02 2.891E-02 -1.381E-01 2.216E-01 1.681E-01 5.666E-02 2.932E-02 -1.379E-01 0 1 8 9 10
20210401:090000 3 3 9 20 5 1.128E-01 1.333E-01 7.476E-03 -2.907E-02 -1.417E-02 1.122E-01 1.335E-01 7.410E-03 -2.852E-02 -1.408E-02 0 1 8 9 10
20210401:210000 3 3 9 32 5 2.203E-01 1.684E-01 5.547E-02 2.869E-02 -1.387E-01 2.211E-01 1.682E-01 5.626E-02 2.891E-02 -1.381E-01 0 1 8 9 10
20210402:090000 3 3 9 30 5 1.140E-01 1.328E-01 8.348E-03 -2.917E-02 -1.378E-02 1.128E-01 1.333E-01 7.476E-03 -2.907E-02 -1.417E-02 0 1 8 9 10
20210402:210000 3 3 9 147 5 2.191E-01 1.695E-01 5.384E-02 2.800E-02 -1.396E-01 2.203E-01 1.684E-01 5.547E-02 2.869E-02 -1.387E-01 0 1 8 9 10
20210403:090000 3 3 9 94 5 1.148E-01 1.319E-01 8.744E-03 -2.891E-02 -1.374E-02 1.140E-01 1.328E-01 8.348E-03 -2.917E-02 -1.378E-02 0 1 8 9 10
20210403:210000 3 3 9 229 5 2.187E-01 1.696E-01 5.350E-02 2.680E-02 -1.398E-01 2.191E-01 1.695E-01 5.384E-02 2.800E-02 -1.396E-01 0 1 8 9 10
20210404:090000 3 3 9 39 5 1.169E-01 1.309E-01 9.101E-03 -2.960E-02 -1.390E-02 1.148E-01 1.319E-01 8.744E-03 -2.891E-02 -1.374E-02 0 1 8 9 10
20210404:210000 3 3 9 153 5 2.186E-01 1.693E-01 5.169E-02 2.593E-02 -1.411E-01 2.187E-01 1.696E-01 5.350E-02 2.680E-02 -1.398E-01 0 1 8 9 10
20210405:090000 3 3 9 74 5 1.201E-01 1.273E-01 1.056E-02 -3.005E-02 -1.340E-02 1.169E-01 1.309E-01 9.101E-03 -2.960E-02 -1.390E-02 0 1 8 9 10
20210405:210000 3 3 9 28 5 2.179E-01 1.696E-01 5.136E-02 2.631E-02 -1.412E-01 2.186E-01 1.693E-01 5.169E-02 2.593E-02 -1.411E-01 0 1 8 9 10
20210406:090000 3 3 9 27 5 1.216E-01 1.256E-01 1.120E-02 -3.060E-02 -1.314E-02 1.201E-01 1.273E-01 1.056E-02 -3.005E-02 -1.340E-02 0 1 8 9 10
20210406:210000 3 3 9 70 5 2.181E-01 1.699E-01 4.986E-02 2.505E-02 -1.423E-01 2.179E-01 1.696E-01 5.136E-02 2.631E-02 -1.412E-01 0 1 8 9 10
20210407:090000 3 3 9 21 5 1.219E-01 1.253E-01 1.124E-02 -3.090E-02 -1.323E-02 1.216E-01 1.256E-01 1.120E-02 -3.060E-02 -1.314E-02 0 1 8 9 10
20210407:210000 3 3 9 95 5 2.179E-01 1.706E-01 4.771E-02 2.362E-02 -1.437E-01 2.181E-01 1.699E-01 4.986E-02 2.505E-02 -1.423E-01 0 1 8 9 10
20210408:090000 3 3 9 98 5 1.249E-01 1.224E-01 1.291E-02 -3.079E-02 -1.265E-02 1.219E-01 1.253E-01 1.124E-02 -3.090E-02 -1.323E-02 0 1 8 9 10
20210408:210000 3 3 9 83 5 2.171E-01 1.711E-01 4.828E-02 2.325E-02 -1.432E-01 2.179E-01 1.706E-01 4.771E-02 2.362E-02 -1.437E-01 0 1 8 9 10
20210409:090000 3 3 9 46 5 1.276E-01 1.199E-01 1.424E-02 -3.020E-02 -1.189E-02 1.249E-01 1.224E-01 1.291E-02 -3.079E-02 -1.265E-02 0 1 8 9 10
20210409:210000 3 3 9 160 5 2.185E-01 1.698E-01 4.821E-02 2.196E-02 -1.436E-01 2.171E-01 1.711E-01 4.828E-02 2.325E-02 -1.432E-01 0 1 8 9 10
20210410:090000 3 3 9 37 5 1.288E-01 1.192E-01 1.514E-02 -2.980E-02 -1.119E-02 1.276E-01 1.199E-01 1.424E-02 -3.020E-02 -1.189E-02 0 1 8 9 10
20210410:210000 3 3 9 35 5 2.196E-01 1.685E-01 4.746E-02 2.076E-02 -1.441E-01 2.185E-01 1.698E-01 4.821E-02 2.196E-02 -1.436E-01 0 1 8 9 10
