20210314:090000 209 3 8 39 5 -1.310E-01 -2.382E-02 -5.071E-02 -4.503E-02 -1.463E-01 -1.304E-01 -2.451E-02 -4.939E-02 -4.486E-02 -1.455E-01 0 1 8 9 10
20210314:210000 209 3 8 79 5 -3.042E-01 -1.123E-01 9.061E-02 -4.306E-02 -1.683E-01 -3.037E-01 -1.126E-01 9.192E-02 -4.338E-02 -1.677E-01 0 1 8 9 10
20210315:090000 209 3 8 47 5 -1.295E-01 -2.501E-02 -4.930E-02 -4.556E-02 -1.456E-01 -1.310E-01 -2.382E-02 -5.071E-02 -4.503E-02 -1.463E-01 0 1 8 9 10
20210315:210000 209 3 8 205 5 -3.052E-01 -1.118E-01 8.659E-02 -4.324E-02 -1.716E-01 -3.042E-01 -1.123E-01 9.061E-02 -4.306E-02 -1.683E-01 0 1 8 9 10
20210316:090000 209 3 8 61 5 -1.295E-01 -2.483E-02 -4.904E-02 -4.535E-02 -1.454E-01 -1.295E-01 -2.501E-02 -4.930E-02 -4.556E-02 -1.456E-01 0 1 8 9 10
20210316:210000 209 3 8 52 5 -3.058E-01 -1.111E-01 8.517E-02 -4.436E-02 -1.726E-01 -3.052E-01 -1.118E-01 8.659E-02 -4.324E-02 -1.716E-01 0 1 8 9 10
20210317:090000 209 3 8 81 5 -1.262E-01 -2.834E-02 -4.671E-02 -4.611E-02 -1.447E-01 -1.295E-01 -2.483E-02 -4.904E-02 -4.535E-02 -1.454E-01 0 1 8 9 10
20210317:210000 209 3 8 77 5 -3.044E-01 -1.118E-01 8.336E-02 -4.523E-02 -1.739E-01 -3.058E-01 -1.111E-01 8.517E-02 -4.436E-02 -1.726E-01 0 1 8 9 10
20210318:090000 209 3 8 48 5 -1.242E-01 -3.058E-02 -4.474E-02 -4.530E-02 -1.434E-01 -1.262E-01 -2.834E-02 -4.671E-02 -4.611E-02 -1.447E-01 0 1 8 9 10
20210318:210000 209 3 8 96 5 -3.038E-01 -1.112E-01 8.014E-02 -4.732E-02 -1.765E-01 -3.044E-01 -1.118E-01 8.336E-02 -4.523E-02 -1.739E-01 0 1 8 9 10
20210319:090000 209 3 8 24 5 -1.240E-01 -3.079E-02 -4.443E-02 -4.503E-02 -1.431E-01 -1.242E-01 -3.058E-02 -4.474E-02 -4.530E-02 -1.434E-01 0 1 8 9 10
20210319:210000 209 3 8 102 5 -3.016E-01 -1.130E-01 7.891E-02 -4.897E-02 -1.775E-01 -3.038E-01 -1.112E-01 8.014E-02 -4.732E-02 -1.765E-01 0 1 8 9 10
20210320:090000 209 3 8 72 5 -1.227E-01 -3.204E-02 -4.280E-02 -4.456E-02 -1.421E-01 -1.240E-01 -3.079E-02 -4.443E-02 -4.503E-02 -1.431E-01 0 1 8 9 10
20210320:210000 209 3 8 180 5 -2.987E-01 -1.148E-01 7.954E-02 -4.989E-02 -1.774E-01 -3.016E-01 -1.130E-01 7.891E-02 -4.897E-02 -1.775E-01 0 1 8 9 10
20210321:090000 209 3 8 87 5 -1.243E-01 -3.079E-02 -4.103E-02 -4.426E-02 -1.412E-01 -1.227E-01 -3.204E-02 -4.280E-02 -4.456E-02 -1.421E-01 0 1 8 9 10
20210321:210000 209 3 8 120 5 -2.962E-01 -1.166E-01 7.845E-02 -4.969E-02 -1.787E-01 -2.987E-01 -1.148E-01 7.954E-02 -4.989E-02 -1.774E-01 0 1 8 9 10
20210322:090000 209 3 8 101 5 -1.259E-01 -2.943E-02 -3.866E-02 -4.672E-02 -1.400E-01 -1.243E-01 -3.079E-02 -4.103E-02 -4.426E-02 -1.412E-01 0 1 8 9 10
20210322:210000 209 3 8 123 5 -2.962E-01 -1.166E-01 7.873E-02 -4.982E-02 -1.783E-01 -2.962E-01 -1.166E-01 7.845E-02 -4.969E-02 -1.787E-01 0 1 8 9 10
20210323:090000 209 3 8 102 5 -1.277E-01 -2.796E-02 -3.560E-02 -4.598E-02 -1.383E-01 -1.259E-01 -2.943E-02 -3.866E-02 -4.672E-02 -1.400E-01 0 1 8 9 10
20210323:210000 209 3 8 240 5 -2.886E-01 -1.209E-01 7.871E-02 -5.047E-02 -1.791E-01 -2.962E-01 -1.166E-01 7.873E-02 -4.982E-02 -1.783E-01 0 1 8 9 10
20210324:090000 209 3 8 36 5 -1.286E-01 -2.755E-02 -3.658E-02 -4.610E-02 -1.387E-01 -1.277E-01 -2.796E-02 -3.560E-02 -4.598E-02 -1.383E-01 0 1 8 9 10
20210324:210000 209 3 8 160 5 -2.915E-01 -1.184E-01 8.136E-02 -4.940E-02 -1.772E-01 -2.886E-01 -1.209E-01 7.871E-02 -5.047E-02 -1.791E-01 0 1 8 9 10
20210325:090000 209 3 8 28 5 -1.275E-01 -2.812E-02 -3.682E-02 -4.751E-02 -1.391E-01 -1.286E-01 -2.755E-02 -3.658E-02 -4.610E-02 -1.387E-01 0 1 8 9 10
20210325:210000 209 3 8 39 5 -2.924E-01 -1.179E-01 8.142E-02 -4.898E-02 -1.770E-01 -2.915E-01 -1.184E-01 8.136E-02 -4.940E-02 -1.772E-01 0 1 8 9 10
20210326:090000 209 3 8 25 5 -1.276E-01 -2.803E-02 -3.671E-02 -4.730E-02 -1.390E-01 -1.275E-01 -2.812E-02 -3.682E-02 -4.751E-02 -1.391E-01 0 1 8 9 10
20210326:210000 209 3 8 75 5 -2.932E-01 -1.168E-01 8.147E-02 -4.850E-02 -1.772E-01 -2.924E-01 -1.179E-01 8.142E-02 -4.898E-02 -1.770E-01 0 1 8 9 10
20210327:090000 209 3 8 53 5 -1.272E-01 -2.826E-02 -3.651E-02 -4.766E-02 -1.392E-01 -1.276E-01 -2.803E-02 -3.671E-02 -4.730E-02 -1.390E-01 0 1 8 9 10
20210327:210000 209 3 8 114 5 -2.961E-01 -1.138E-01 7.948E-02 -4.926E-02 -1.786E-01 -2.932E-01 -1.168E-01 8.147E-02 -4.850E-02 -1.772E-01 0 1 8 9 10
20210328:090000 209 3 8 46 5 -1.253E-01 -2.995E-02 -3.475E-02 -4.715E-02 -1.382E-01 -1.272E-01 -2.826E-02 -3.651E-02 -4.766E-02 -1.392E-01 0 1 8 9 10
20210328:210000 209 3 8 159 5 -2.912E-01 -1.152E-01 7.606E-02 -4.963E-02 -1.809E-01 -2.961E-01 -1.138E-01 7.948E-02 -4.926E-02 -1.786E-01 0 1 8 9 10
20210329:090000 209 3 8 95 5 -1.226E-01 -3.065E-02 -3.318E-02 -4.612E-02 -1.371E-01 -1.253E-01 -2.995E-02 -3.475E-02 -4.715E-02 -1.382E-01 0 1 8 9 10
20210329:210000 209 3 8 151 5 -2.907E-01 -1.154E-01 7.584E-02 -5.000E-02 -1.802E-01 -2.912E-01 -1.152E-01 7.606E-02 -4.963E-02 -1.809E-01 0 1 8 9 10
20210330:090000 209 3 8 31 5 -1.216E-01 -3.097E-02 -3.353E-02 -4.604E-02 -1.375E-01 -1.226E-01 -3.065E-02 -3.318E-02 -4.612E-02 -1.371E-01 0 1 8 9 10
20210330:210000 209 3 8 102 5 -2.887E-01 -1.158E-01 7.434E-02 -4.997E-02 -1.813E-01 -2.907E-01 -1.154E-01 7.584E-02 -5.000E-02 -1.802E-01 0 1 8 9 10
20210331:090000 209 3 8 36 5 -1.211E-01 -3.131E-02 -3.297E-02 -4.620E-02 -1.373E-01 -1.216E-01 -3.097E-02 -3.353E-02 -4.604E-02 -1.375E-01 0 1 8 9 10
20210331:210000 209 3 8 136 5 -2.917E-01 -1.152E-01 7.484E-02 -4.912E-02 -1.805E-01 -2.887E-01 -1.158E-01 7.434E-02 -4.997E-02 -1.813E-01 0 1 8 9 10
20210401:090000 209 3 8 57 5 -1.181E-01 -3.254E-02 -3.180E-02 -4.764E-02 -1.370E-01 -1.211E-01 -3.131E-02 -3.297E-02 -4.620E-02 -1.373E-01 0 1 8 9 10
20210401:210000 209 3 8 163 5 -2.910E-01 -1.153E-01 7.522E-02 -4.834E-02 -1.801E-01 -2.917E-01 -1.152E-01 7.484E-02 -4.912E-02 -1.805E-01 0 1 8 9 10
20210402:090000 209 3 8 78 5 -1.158E-01 -3.360E-02 -3.032E-02 -4.858E-02 -1.367E-01 -1.181E-01 -3.254E-02 -3.180E-02 -4.764E-02 -1.370E-01 0 1 8 9 10
20210402:210000 209 3 8 109 5 -2.900E-01 -1.155E-01 7.569E-02 -5.009E-02 -1.806E-01 -2.910E-01 -1.153E-01 7.522E-02 -4.834E-02 -1.801E-01 0 1 8 9 10
20210403:090000 209 3 8 71 5 -1.150E-01 -3.420E-02 -2.987E-02 -4.889E-02 -1.366E-01 -1.158E-01 -3.360E-02 -3.032E-02 -4.858E-02 -1.367E-01 0 1 8 9 10
20210403:210000 209 3 8 131 5 -2.894E-01 -1.156E-01 7.457E-02 -5.069E-02 -1.817E-01 -2.900E-01 -1.155E-01 7.569E-02 -5.009E-02 -1.806E-01 0 1 8 9 10
20210404:090000 209 3 8 76 5 -1.154E-01 -3.393E-02 -3.015E-02 -4.883E-02 -1.367E-01 -1.150E-01 -3.420E-02 -2.987E-02 -4.889E-02 -1.366E-01 0 1 8 9 10
20210404:210000 209 3 8 64 5 -2.868E-01 -1.175E-01 7.556E-02 -5.032E-02 -1.809E-01 -2.894E-01 -1.156E-01 7.457E-02 -5.069E-02 -1.817E-01 0 1 8 9 10
20210405:090000 209 3 8 19 5 -1.159E-01 -3.346E-02 -3.055E-02 -4.879E-02 -1.369E-01 -1.154E-01 -3.393E-02 -3.015E-02 -4.883E-02 -1.367E-01 0 1 8 9 10
20210405:210000 209 3 8 58 5 -2.884E-01 -1.153E-01 7.432E-02 -5.021E-02 -1.813E-01 -2.868E-01 -1.175E-01 7.556E-02 -5.032E-02 -1.809E-01 0 1 8 9 10
20210406:090000 209 3 8 60 5 -1.158E-01 -3.293E-02 -3.116E-02 -4.919E-02 -1.373E-01 -1.159E-01 -3.346E-02 -3.055E-02 -4.879E-02 -1.369E-01 0 1 8 9 10
20210406:210000 209 3 8 95 5 -2.876E-01 -1.162E-01 7.431E-02 -4.987E-02 -1.816E-01 -2.884E-01 -1.153E-01 7.432E-02 -5.021E-02 -1.813E-01 0 1 8 9 10
20210407:090000 209 3 8 56 5 -1.174E-01 -3.139E-02 -3.025E-02 -4.950E-02 -1.369E-01 -1.158E-01 -3.293E-02 -3.116E-02 -4.919E-02 -1.373E-01 0 1 8 9 10
20210407:210000 209 3 8 151 5 -2.887E-01 -1.151E-01 7.311E-02 -4.999E-02 -1.827E-01 -2.876E-01 -1.162E-01 7.431E-02 -4.987E-02 -1.816E-01 0 1 8 9 10
20210408:090000 209 3 8 68 5 -1.202E-01 -2.889E-02 -2.943E-02 -4.985E-02 -1.364E-01 -1.174E-01 -3.139E-02 -3.025E-02 -4.950E-02 -1.369E-01 0 1 8 9 10
20210408:210000 209 3 8 275 5 -2.852E-01 -1.171E-01 7.464E-02 -5.156E-02 -1.823E-01 -2.887E-01 -1.151E-01 7.311E-02 -4.999E-02 -1.827E-01 0 1 8 9 10
20210409:090000 209 3 8 84 5 -1.214E-01 -2.767E-02 -2.900E-02 -4.985E-02 -1.360E-01 -1.202E-01 -2.889E-02 -2.943E-02 -4.985E-02 -1.364E-01 0 1 8 9 10
20210409:210000 209 3 8 99 5 -2.860E-01 -1.156E-01 7.658E-02 -5.125E-02 -1.808E-01 -2.852E-01 -1.171E-01 7.464E-02 -5.156E-02 -1.823E-01 0 1 8 9 10
20210410:090000 209 3 8 56 5 -1.184E-01 -2.943E-02 -2.731E-02 -5.066E-02 -1.353E-01 -1.214E-01 -2.767E-02 -2.900E-02 -4.985E-02 -1.360E-01 0 1 8 9 10
20210410:210000 209 3 8 136 5 -2.841E-01 -1.175E-01 7.619E-02 -5.398E-02 -1.809E-01 -2.860E-01 -1.156E-01 7.658E-02 -5.125E-02 -1.808E-01 0 1 8 9 10
