20210314:120000 523 73 13 63 6 -2.998E-01 1.495E-01 -1.439E-01 -1.203E-01 3.762E-02 -1.057E-01 -3.006E-01 1.505E-01 -1.449E-01 -1.193E-01 3.903E-02 -1.041E-01 0 1 2 8 9 10
20210315:120000 523 73 13 59 6 -3.038E-01 1.537E-01 -1.474E-01 -1.219E-01 3.784E-02 -1.074E-01 -2.998E-01 1.495E-01 -1.439E-01 -1.203E-01 3.762E-02 -1.057E-01 0 1 2 8 9 10
20210316:120000 523 73 13 42 6 -3.049E-01 1.545E-01 -1.482E-01 -1.230E-01 3.713E-02 -1.085E-01 -3.038E-01 1.537E-01 -1.474E-01 -1.219E-01 3.784E-02 -1.074E-01 0 1 2 8 9 10
20210317:120000 523 73 13 18 6 -3.047E-01 1.541E-01 -1.479E-01 -1.227E-01 3.728E-02 -1.083E-01 -3.049E-01 1.545E-01 -1.482E-01 -1.230E-01 3.713E-02 -1.085E-01 0 1 2 8 9 10
20210318:120000 523 73 13 48 6 -3.098E-01 1.583E-01 -1.514E-01 -1.251E-01 3.807E-02 -1.103E-01 -3.047E-01 1.541E-01 -1.479E-01 -1.227E-01 3.728E-02 -1.083E-01 0 1 2 8 9 10
20210319:120000 523 73 13 75 6 -3.136E-01 1.607E-01 -1.532E-01 -1.254E-01 4.132E-02 -1.100E-01 -3.098E-01 1.583E-01 -1.514E-01 -1.251E-01 3.807E-02 -1.103E-01 0 1 2 8 9 10
20210320:120000 523 73 13 72 6 -3.198E-01 1.649E-01 -1.566E-01 -1.267E-01 4.522E-02 -1.092E-01 -3.136E-01 1.607E-01 -1.532E-01 -1.254E-01 4.132E-02 -1.100E-01 0 1 2 8 9 10
20210321:120000 523 73 13 46 6 -3.248E-01 1.682E-01 -1.594E-01 -1.312E-01 4.344E-02 -1.126E-01 -3.198E-01 1.649E-01 -1.566E-01 -1.267E-01 4.522E-02 -1.092E-01 0 1 2 8 9 10
20210322:120000 523 73 13 36 6 -3.285E-01 1.710E-01 -1.616E-01 -1.334E-01 4.411E-02 -1.137E-01 -3.248E-01 1.682E-01 -1.594E-01 -1.312E-01 4.344E-02 -1.126E-01 0 1 2 8 9 10
20210323:120000 523 73 13 19 6 -3.306E-01 1.723E-01 -1.625E-01 -1.365E-01 3.984E-02 -1.184E-01 -3.285E-01 1.710E-01 -1.616E-01 -1.334E-01 4.411E-02 -1.137E-01 0 1 2 8 9 10
20210324:120000 523 73 13 93 6 -3.400E-01 1.772E-01 -1.672E-01 -1.364E-01 4.590E-02 -1.177E-01 -3.306E-01 1.723E-01 -1.625E-01 -1.365E-01 3.984E-02 -1.184E-01 0 1 2 8 9 10
20210325:120000 523 73 13 77 6 -3.482E-01 1.824E-01 -1.729E-01 -1.390E-01 4.873E-02 -1.192E-01 -3.400E-01 1.772E-01 -1.672E-01 -1.364E-01 4.590E-02 -1.177E-01 0 1 2 8 9 10
20210326:120000 523 73 13 70 6 -3.538E-01 1.859E-01 -1.770E-01 -1.427E-01 4.822E-02 -1.223E-01 -3.482E-01 1.824E-01 -1.729E-01 -1.390E-01 4.873E-02 -1.192E-01 0 1 2 8 9 10
20210327:120000 523 73 13 52 6 -3.549E-01 1.867E-01 -1.781E-01 -1.427E-01 4.935E-02 -1.220E-01 -3.538E-01 1.859E-01 -1.770E-01 -1.427E-01 4.822E-02 -1.223E-01 0 1 2 8 9 10
20210328:120000 523 73 13 26 6 -3.551E-01 1.873E-01 -1.786E-01 -1.422E-01 5.133E-02 -1.200E-01 -3.549E-01 1.867E-01 -1.781E-01 -1.427E-01 4.935E-02 -1.220E-01 0 1 2 8 9 10
20210329:120000 523 73 13 84 6 -3.687E-01 1.904E-01 -1.847E-01 -1.348E-01 6.018E-02 -1.138E-01 -3.551E-01 1.873E-01 -1.786E-01 -1.422E-01 5.133E-02 -1.200E-01 0 1 2 8 9 10
20210330:120000 523 73 13 67 6 -3.787E-01 1.929E-01 -1.891E-01 -1.370E-01 6.651E-02 -1.136E-01 -3.687E-01 1.904E-01 -1.847E-01 -1.348E-01 6.018E-02 -1.138E-01 0 1 2 8 9 10
20210331:120000 523 73 13 69 6 -3.863E-01 1.949E-01 -1.930E-01 -1.393E-01 7.220E-02 -1.128E-01 -3.787E-01 1.929E-01 -1.891E-01 -1.370E-01 6.651E-02 -1.136E-01 0 1 2 8 9 10
20210401:120000 523 73 13 52 6 -3.922E-01 1.973E-01 -1.973E-01 -1.455E-01 6.828E-02 -1.184E-01 -3.863E-01 1.949E-01 -1.930E-01 -1.393E-01 7.220E-02 -1.128E-01 0 1 2 8 9 10
20210402:120000 523 73 13 33 6 -3.938E-01 1.980E-01 -1.986E-01 -1.476E-01 6.584E-02 -1.213E-01 -3.922E-01 1.973E-01 -1.973E-01 -1.455E-01 6.828E-02 -1.184E-01 0 1 2 8 9 10
20210403:120000 523 73 13 96 6 -4.015E-01 2.007E-01 -2.028E-01 -1.452E-01 7.567E-02 -1.185E-01 -3.938E-01 1.980E-01 -1.986E-01 -1.476E-01 6.584E-02 -1.213E-01 0 1 2 8 9 10
20210404:120000 523 73 13 84 6 -4.124E-01 2.065E-01 -2.102E-01 -1.476E-01 7.891E-02 -1.215E-01 -4.015E-01 2.007E-01 -2.028E-01 -1.452E-01 7.567E-02 -1.185E-01 0 1 2 8 9 10
20210405:120000 523 73 13 57 6 -4.174E-01 2.091E-01 -2.141E-01 -1.492E-01 8.113E-02 -1.223E-01 -4.124E-01 2.065E-01 -2.102E-01 -1.476E-01 7.891E-02 -1.215E-01 0 1 2 8 9 10
20210406:120000 523 73 13 33 6 -4.169E-01 2.092E-01 -2.141E-01 -1.477E-01 8.367E-02 -1.198E-01 -4.174E-01 2.091E-01 -2.141E-01 -1.492E-01 8.113E-02 -1.223E-01 0 1 2 8 9 10
20210407:120000 523 73 13 17 6 -4.172E-01 2.097E-01 -2.144E-01 -1.481E-01 8.339E-02 -1.202E-01 -4.169E-01 2.092E-01 -2.141E-01 -1.477E-01 8.367E-02 -1.198E-01 0 1 2 8 9 10
20210408:120000 523 73 13 43 6 -4.208E-01 2.117E-01 -2.167E-01 -1.499E-01 8.267E-02 -1.229E-01 -4.172E-01 2.097E-01 -2.144E-01 -1.481E-01 8.339E-02 -1.202E-01 0 1 2 8 9 10
20210409:120000 523 73 13 78 6 -4.268E-01 2.155E-01 -2.211E-01 -1.451E-01 9.123E-02 -1.184E-01 -4.208E-01 2.117E-01 -2.167E-01 -1.499E-01 8.267E-02 -1.229E-01 0 1 2 8 9 10
20210410:120000 523 73 13 50 6 -4.293E-01 2.172E-01 -2.235E-01 -1.459E-01 9.314E-02 -1.181E-01 -4.268E-01 2.155E-01 -2.211E-01 -1.451E-01 9.123E-02 -1.184E-01 0 1 2 8 9 10
