20210314:210000 209 3 7 41 5 -3.528E-01 -1.138E-01 7.859E-02 3.529E-01 6.219E-02 -3.523E-01 -1.139E-01 7.926E-02 3.525E-01 6.258E-02 0 1 8 9 10
20210315:210000 209 3 7 54 5 -3.546E-01 -1.121E-01 7.730E-02 3.523E-01 6.110E-02 -3.528E-01 -1.138E-01 7.859E-02 3.529E-01 6.219E-02 0 1 8 9 10
20210316:210000 209 3 7 22 5 -3.562E-01 -1.108E-01 7.611E-02 3.517E-01 5.998E-02 -3.546E-01 -1.121E-01 7.730E-02 3.523E-01 6.110E-02 0 1 8 9 10
20210317:210000 209 3 7 31 5 -3.575E-01 -1.094E-01 7.424E-02 3.507E-01 5.841E-02 -3.562E-01 -1.108E-01 7.611E-02 3.517E-01 5.998E-02 0 1 8 9 10
20210318:210000 209 3 7 28 5 -3.584E-01 -1.081E-01 7.225E-02 3.498E-01 5.683E-02 -3.575E-01 -1.094E-01 7.424E-02 3.507E-01 5.841E-02 0 1 8 9 10
20210319:210000 209 3 7 30 5 -3.593E-01 -1.072E-01 7.127E-02 3.503E-01 5.614E-02 -3.584E-01 -1.081E-01 7.225E-02 3.498E-01 5.683E-02 0 1 8 9 10
20210320:210000 209 3 7 31 5 -3.601E-01 -1.070E-01 7.059E-02 3.490E-01 5.565E-02 -3.593E-01 -1.072E-01 7.127E-02 3.503E-01 5.614E-02 0 1 8 9 10
20210321:210000 209 3 7 41 5 -3.612E-01 -1.065E-01 6.872E-02 3.488E-01 5.445E-02 -3.601E-01 -1.070E-01 7.059E-02 3.490E-01 5.565E-02 0 1 8 9 10
20210322:210000 209 3 7 33 5 -3.614E-01 -1.064E-01 6.883E-02 3.491E-01 5.437E-02 -3.612E-01 -1.065E-01 6.872E-02 3.488E-01 5.445E-02 0 1 8 9 10
20210323:210000 209 3 7 92 5 -3.623E-01 -1.061E-01 6.782E-02 3.500E-01 5.345E-02 -3.614E-01 -1.064E-01 6.883E-02 3.491E-01 5.437E-02 0 1 8 9 10
20210324:210000 209 3 7 54 5 -3.642E-01 -1.049E-01 6.660E-02 3.505E-01 5.239E-02 -3.623E-01 -1.061E-01 6.782E-02 3.500E-01 5.345E-02 0 1 8 9 10
20210325:210000 209 3 7 18 5 -3.644E-01 -1.048E-01 6.567E-02 3.502E-01 5.179E-02 -3.642E-01 -1.049E-01 6.660E-02 3.505E-01 5.239E-02 0 1 8 9 10
20210326:210000 209 3 7 36 5 -3.644E-01 -1.047E-01 6.605E-02 3.500E-01 5.192E-02 -3.644E-01 -1.048E-01 6.567E-02 3.502E-01 5.179E-02 0 1 8 9 10
20210327:210000 209 3 7 33 5 -3.653E-01 -1.037E-01 6.408E-02 3.497E-01 5.046E-02 -3.644E-01 -1.047E-01 6.605E-02 3.500E-01 5.192E-02 0 1 8 9 10
20210328:210000 209 3 7 59 5 -3.682E-01 -1.022E-01 6.268E-02 3.487E-01 4.937E-02 -3.653E-01 -1.037E-01 6.408E-02 3.497E-01 5.046E-02 0 1 8 9 10
20210329:210000 209 3 7 49 5 -3.697E-01 -1.020E-01 6.322E-02 3.485E-01 4.965E-02 -3.682E-01 -1.022E-01 6.268E-02 3.487E-01 4.937E-02 0 1 8 9 10
20210330:210000 209 3 7 37 5 -3.691E-01 -1.022E-01 6.248E-02 3.480E-01 4.902E-02 -3.697E-01 -1.020E-01 6.322E-02 3.485E-01 4.965E-02 0 1 8 9 10
20210331:210000 209 3 7 69 5 -3.684E-01 -1.026E-01 6.045E-02 3.481E-01 4.719E-02 -3.691E-01 -1.022E-01 6.248E-02 3.480E-01 4.902E-02 0 1 8 9 10
20210401:210000 209 3 7 65 5 -3.676E-01 -1.028E-01 5.909E-02 3.468E-01 4.603E-02 -3.684E-01 -1.026E-01 6.045E-02 3.481E-01 4.719E-02 0 1 8 9 10
20210402:210000 209 3 7 66 5 -3.678E-01 -1.024E-01 5.759E-02 3.458E-01 4.500E-02 -3.676E-01 -1.028E-01 5.909E-02 3.468E-01 4.603E-02 0 1 8 9 10
20210403:210000 209 3 7 42 5 -3.687E-01 -1.018E-01 5.596E-02 3.451E-01 4.391E-02 -3.678E-01 -1.024E-01 5.759E-02 3.458E-01 4.500E-02 0 1 8 9 10
20210404:210000 209 3 7 15 5 -3.696E-01 -1.012E-01 5.488E-02 3.444E-01 4.299E-02 -3.687E-01 -1.018E-01 5.596E-02 3.451E-01 4.391E-02 0 1 8 9 10
20210405:210000 209 3 7 20 5 -3.703E-01 -1.008E-01 5.468E-02 3.444E-01 4.287E-02 -3.696E-01 -1.012E-01 5.488E-02 3.444E-01 4.299E-02 0 1 8 9 10
20210406:210000 209 3 7 15 5 -3.704E-01 -1.008E-01 5.401E-02 3.442E-01 4.227E-02 -3.703E-01 -1.008E-01 5.468E-02 3.444E-01 4.287E-02 0 1 8 9 10
20210407:210000 209 3 7 62 5 -3.717E-01 -9.987E-02 5.292E-02 3.434E-01 4.161E-02 -3.704E-01 -1.008E-01 5.401E-02 3.442E-01 4.227E-02 0 1 8 9 10
20210408:210000 209 3 7 62 5 -3.732E-01 -9.888E-02 5.151E-02 3.431E-01 4.067E-02 -3.717E-01 -9.987E-02 5.292E-02 3.434E-01 4.161E-02 0 1 8 9 10
20210409:210000 209 3 7 29 5 -3.717E-01 -9.971E-02 5.219E-02 3.436E-01 4.096E-02 -3.732E-01 -9.888E-02 5.151E-02 3.431E-01 4.067E-02 0 1 8 9 10
20210410:210000 209 3 7 57 5 -3.713E-01 -1.004E-01 5.121E-02 3.430E-01 3.993E-02 -3.717E-01 -9.971E-02 5.219E-02 3.436E-01 4.096E-02 0 1 8 9 10
