20210314:030000 523 73 14 65 6 7.551E-01 -5.091E-01 4.697E-01 7.417E-02 1.642E-01 -1.821E-03 7.639E-01 -5.201E-01 4.790E-01 7.711E-02 1.623E-01 5.804E-04 0 1 2 8 9 10
20210315:030000 523 73 14 91 6 7.511E-01 -5.032E-01 4.645E-01 6.949E-02 1.603E-01 -5.624E-03 7.551E-01 -5.091E-01 4.697E-01 7.417E-02 1.642E-01 -1.821E-03 0 1 2 8 9 10
20210316:030000 523 73 14 90 6 7.493E-01 -4.992E-01 4.614E-01 6.677E-02 1.624E-01 -9.664E-03 7.511E-01 -5.032E-01 4.645E-01 6.949E-02 1.603E-01 -5.624E-03 0 1 2 8 9 10
20210317:030000 523 73 14 54 6 7.462E-01 -4.968E-01 4.593E-01 6.491E-02 1.622E-01 -1.190E-02 7.493E-01 -4.992E-01 4.614E-01 6.677E-02 1.624E-01 -9.664E-03 0 1 2 8 9 10
20210318:030000 523 73 14 59 6 7.440E-01 -4.936E-01 4.567E-01 5.898E-02 1.539E-01 -1.940E-02 7.462E-01 -4.968E-01 4.593E-01 6.491E-02 1.622E-01 -1.190E-02 0 1 2 8 9 10
20210319:030000 523 73 14 72 6 7.456E-01 -4.914E-01 4.547E-01 5.128E-02 1.486E-01 -2.516E-02 7.440E-01 -4.936E-01 4.567E-01 5.898E-02 1.539E-01 -1.940E-02 0 1 2 8 9 10
20210320:030000 523 73 14 71 6 7.552E-01 -4.957E-01 4.579E-01 4.448E-02 1.434E-01 -3.013E-02 7.456E-01 -4.914E-01 4.547E-01 5.128E-02 1.486E-01 -2.516E-02 0 1 2 8 9 10
20210321:030000 523 73 14 79 6 7.651E-01 -5.014E-01 4.626E-01 3.683E-02 1.442E-01 -3.711E-02 7.552E-01 -4.957E-01 4.579E-01 4.448E-02 1.434E-01 -3.013E-02 0 1 2 8 9 10
20210322:030000 523 73 14 65 6 7.727E-01 -5.048E-01 4.647E-01 4.489E-02 1.508E-01 -2.882E-02 7.651E-01 -5.014E-01 4.626E-01 3.683E-02 1.442E-01 -3.711E-02 0 1 2 8 9 10
20210323:030000 523 73 14 49 6 7.790E-01 -5.074E-01 4.665E-01 4.929E-02 1.507E-01 -2.604E-02 7.727E-01 -5.048E-01 4.647E-01 4.489E-02 1.508E-01 -2.882E-02 0 1 2 8 9 10
20210324:030000 523 73 14 70 6 7.865E-01 -5.103E-01 4.691E-01 5.525E-02 1.500E-01 -2.263E-02 7.790E-01 -5.074E-01 4.665E-01 4.929E-02 1.507E-01 -2.604E-02 0 1 2 8 9 10
20210325:030000 523 73 14 85 6 7.859E-01 -5.075E-01 4.656E-01 6.300E-02 1.512E-01 -1.669E-02 7.865E-01 -5.103E-01 4.691E-01 5.525E-02 1.500E-01 -2.263E-02 0 1 2 8 9 10
20210326:030000 523 73 14 97 6 7.863E-01 -5.063E-01 4.641E-01 6.311E-02 1.497E-01 -1.641E-02 7.859E-01 -5.075E-01 4.656E-01 6.300E-02 1.512E-01 -1.669E-02 0 1 2 8 9 10
20210327:030000 523 73 14 94 6 7.822E-01 -5.002E-01 4.582E-01 6.636E-02 1.491E-01 -1.661E-02 7.863E-01 -5.063E-01 4.641E-01 6.311E-02 1.497E-01 -1.641E-02 0 1 2 8 9 10
20210328:030000 523 73 14 53 6 7.792E-01 -4.977E-01 4.551E-01 6.528E-02 1.489E-01 -1.880E-02 7.822E-01 -5.002E-01 4.582E-01 6.636E-02 1.491E-01 -1.661E-02 0 1 2 8 9 10
20210329:030000 523 73 14 71 6 7.845E-01 -4.985E-01 4.565E-01 6.995E-02 1.508E-01 -1.396E-02 7.792E-01 -4.977E-01 4.551E-01 6.528E-02 1.489E-01 -1.880E-02 0 1 2 8 9 10
20210330:030000 523 73 14 79 6 7.980E-01 -5.014E-01 4.625E-01 7.346E-02 1.487E-01 -9.367E-03 7.845E-01 -4.985E-01 4.565E-01 6.995E-02 1.508E-01 -1.396E-02 0 1 2 8 9 10
20210331:030000 523 73 14 82 6 8.041E-01 -5.016E-01 4.633E-01 8.237E-02 1.483E-01 1.578E-03 7.980E-01 -5.014E-01 4.625E-01 7.346E-02 1.487E-01 -9.367E-03 0 1 2 8 9 10
20210401:030000 523 73 14 101 6 8.046E-01 -4.980E-01 4.606E-01 8.130E-02 1.556E-01 7.798E-04 8.041E-01 -5.016E-01 4.633E-01 8.237E-02 1.483E-01 1.578E-03 0 1 2 8 9 10
20210402:030000 523 73 14 54 6 8.117E-01 -5.002E-01 4.641E-01 8.552E-02 1.555E-01 4.319E-03 8.046E-01 -4.980E-01 4.606E-01 8.130E-02 1.556E-01 7.798E-04 0 1 2 8 9 10
20210403:030000 523 73 14 70 6 8.143E-01 -4.988E-01 4.633E-01 7.926E-02 1.424E-01 -4.705E-03 8.117E-01 -5.002E-01 4.641E-01 8.552E-02 1.555E-01 4.319E-03 0 1 2 8 9 10
20210404:030000 523 73 14 64 6 8.175E-01 -4.992E-01 4.644E-01 7.373E-02 1.313E-01 -1.212E-02 8.143E-01 -4.988E-01 4.633E-01 7.926E-02 1.424E-01 -4.705E-03 0 1 2 8 9 10
20210405:030000 523 73 14 60 6 8.158E-01 -4.949E-01 4.600E-01 7.019E-02 1.328E-01 -1.489E-02 8.175E-01 -4.992E-01 4.644E-01 7.373E-02 1.313E-01 -1.212E-02 0 1 2 8 9 10
20210406:030000 523 73 14 68 6 8.135E-01 -4.862E-01 4.549E-01 6.854E-02 1.329E-01 -1.739E-02 8.158E-01 -4.949E-01 4.600E-01 7.019E-02 1.328E-01 -1.489E-02 0 1 2 8 9 10
20210407:030000 523 73 14 36 6 8.102E-01 -4.821E-01 4.525E-01 6.496E-02 1.299E-01 -2.151E-02 8.135E-01 -4.862E-01 4.549E-01 6.854E-02 1.329E-01 -1.739E-02 0 1 2 8 9 10
20210408:030000 523 73 14 37 6 8.083E-01 -4.797E-01 4.512E-01 6.375E-02 1.295E-01 -2.283E-02 8.102E-01 -4.821E-01 4.525E-01 6.496E-02 1.299E-01 -2.151E-02 0 1 2 8 9 10
20210409:030000 523 73 14 50 6 8.048E-01 -4.759E-01 4.482E-01 6.202E-02 1.300E-01 -2.384E-02 8.083E-01 -4.797E-01 4.512E-01 6.375E-02 1.295E-01 -2.283E-02 0 1 2 8 9 10
20210410:030000 523 73 14 43 6 7.996E-01 -4.720E-01 4.432E-01 6.613E-02 1.320E-01 -2.017E-02 8.048E-01 -4.759E-01 4.482E-01 6.202E-02 1.300E-01 -2.384E-02 0 1 2 8 9 10
