20210314:060000 223 15 4 420 5 9.913E-02 -5.517E-02 -4.040E-03 -1.252E-02 6.970E-04 1.108E-01 -6.371E-02 4.775E-03 -1.481E-02 7.223E-03 0 1 8 9 10
20210315:060000 223 15 4 401 5 1.128E-01 -6.342E-02 -2.348E-03 -2.613E-02 2.337E-03 9.913E-02 -5.517E-02 -4.040E-03 -1.252E-02 6.970E-04 0 1 8 9 10
20210316:060000 223 15 4 371 5 9.390E-02 -4.686E-02 -7.699E-03 -1.672E-02 2.285E-03 1.128E-01 -6.342E-02 -2.348E-03 -2.613E-02 2.337E-03 0 1 8 9 10
20210317:060000 223 15 4 311 5 8.995E-02 -4.189E-02 -8.101E-03 -1.732E-02 6.710E-04 9.390E-02 -4.686E-02 -7.699E-03 -1.672E-02 2.285E-03 0 1 8 9 10
20210318:060000 223 15 4 257 5 7.307E-02 -2.539E-02 -1.815E-02 -1.766E-02 -5.930E-03 8.995E-02 -4.189E-02 -8.101E-03 -1.732E-02 6.710E-04 0 1 8 9 10
20210319:060000 223 15 4 185 5 6.951E-02 -2.091E-02 -1.926E-02 -1.526E-02 -5.551E-03 7.307E-02 -2.539E-02 -1.815E-02 -1.766E-02 -5.930E-03 0 1 8 9 10
20210320:060000 223 15 4 125 5 6.445E-02 -1.628E-02 -2.328E-02 -1.561E-02 -7.721E-03 6.951E-02 -2.091E-02 -1.926E-02 -1.526E-02 -5.551E-03 0 1 8 9 10
20210321:060000 223 15 4 256 5 4.206E-02 7.475E-04 2.852E-03 -9.726E-03 1.103E-02 6.445E-02 -1.628E-02 -2.328E-02 -1.561E-02 -7.721E-03 0 1 8 9 10
20210322:060000 223 15 4 395 5 6.573E-02 -1.027E-02 -1.856E-02 -2.937E-02 1.016E-03 4.206E-02 7.475E-04 2.852E-03 -9.726E-03 1.103E-02 0 1 8 9 10
20210323:060000 223 15 4 403 5 8.208E-02 -1.947E-02 -2.397E-02 -3.295E-02 -3.650E-03 6.573E-02 -1.027E-02 -1.856E-02 -2.937E-02 1.016E-03 0 1 8 9 10
20210324:060000 223 15 4 368 5 8.226E-02 -1.853E-02 -1.647E-02 -3.341E-02 2.952E-04 8.208E-02 -1.947E-02 -2.397E-02 -3.295E-02 -3.650E-03 0 1 8 9 10
20210325:060000 223 15 4 345 5 7.638E-02 -1.597E-02 -1.785E-02 -2.382E-02 1.422E-03 8.226E-02 -1.853E-02 -1.647E-02 -3.341E-02 2.952E-04 0 1 8 9 10
20210326:060000 223 15 4 293 5 8.260E-02 -2.165E-02 -2.294E-02 -3.205E-02 -1.083E-03 7.638E-02 -1.597E-02 -1.785E-02 -2.382E-02 1.422E-03 0 1 8 9 10
20210327:060000 223 15 4 233 5 1.103E-01 -4.477E-02 -6.029E-04 -3.380E-02 6.737E-03 8.260E-02 -2.165E-02 -2.294E-02 -3.205E-02 -1.083E-03 0 1 8 9 10
20210328:060000 223 15 4 170 5 1.012E-01 -3.879E-02 -6.526E-03 -3.215E-02 4.129E-03 1.103E-01 -4.477E-02 -6.029E-04 -3.380E-02 6.737E-03 0 1 8 9 10
20210329:060000 223 15 4 119 5 9.901E-02 -3.820E-02 -8.827E-03 -3.311E-02 2.751E-03 1.012E-01 -3.879E-02 -6.526E-03 -3.215E-02 4.129E-03 0 1 8 9 10
20210330:060000 223 15 4 383 5 9.858E-02 -3.756E-02 -2.946E-02 -2.817E-02 -1.022E-02 9.901E-02 -3.820E-02 -8.827E-03 -3.311E-02 2.751E-03 0 1 8 9 10
20210331:060000 223 15 4 381 5 1.127E-01 -4.539E-02 -1.879E-02 -3.738E-02 4.051E-04 9.858E-02 -3.756E-02 -2.946E-02 -2.817E-02 -1.022E-02 0 1 8 9 10
20210401:060000 223 15 4 365 5 1.514E-01 -6.510E-02 -3.680E-02 -6.275E-02 -1.185E-02 1.127E-01 -4.539E-02 -1.879E-02 -3.738E-02 4.051E-04 0 1 8 9 10
20210402:060000 223 15 4 290 5 1.598E-01 -6.547E-02 -3.727E-02 -6.264E-02 -1.152E-02 1.514E-01 -6.510E-02 -3.680E-02 -6.275E-02 -1.185E-02 0 1 8 9 10
20210403:060000 223 15 4 241 5 1.535E-01 -5.996E-02 -4.976E-02 -5.917E-02 -1.437E-02 1.598E-01 -6.547E-02 -3.727E-02 -6.264E-02 -1.152E-02 0 1 8 9 10
20210404:060000 223 15 4 211 5 1.391E-01 -5.093E-02 -5.443E-02 -5.134E-02 -1.507E-02 1.535E-01 -5.996E-02 -4.976E-02 -5.917E-02 -1.437E-02 0 1 8 9 10
20210405:060000 223 15 4 179 5 1.346E-01 -5.231E-02 -5.478E-02 -4.573E-02 -1.335E-02 1.391E-01 -5.093E-02 -5.443E-02 -5.134E-02 -1.507E-02 0 1 8 9 10
20210406:060000 223 15 4 117 5 1.342E-01 -4.978E-02 -5.532E-02 -4.625E-02 -1.395E-02 1.346E-01 -5.231E-02 -5.478E-02 -4.573E-02 -1.335E-02 0 1 8 9 10
20210407:060000 223 15 4 142 5 1.335E-01 -4.864E-02 -5.550E-02 -4.725E-02 -1.408E-02 1.342E-01 -4.978E-02 -5.532E-02 -4.625E-02 -1.395E-02 0 1 8 9 10
20210408:060000 223 15 4 420 5 1.177E-01 -3.642E-02 -4.828E-02 -4.254E-02 -7.454E-03 1.335E-01 -4.864E-02 -5.550E-02 -4.725E-02 -1.408E-02 0 1 8 9 10
20210409:060000 223 15 4 417 5 1.162E-01 -4.275E-02 -4.040E-02 -5.570E-02 -3.236E-03 1.177E-01 -3.642E-02 -4.828E-02 -4.254E-02 -7.454E-03 0 1 8 9 10
20210410:060000 223 15 4 387 5 1.236E-01 -4.228E-02 -4.677E-02 -6.255E-02 -5.868E-03 1.162E-01 -4.275E-02 -4.040E-02 -5.570E-02 -3.236E-03 0 1 8 9 10
