20210314:090000 5 3 7 29 5 -4.450E-01 3.060E-01 -1.446E-01 -2.920E-02 -6.675E-02 -4.432E-01 3.042E-01 -1.462E-01 -2.849E-02 -6.814E-02 0 1 8 9 10
20210315:090000 5 3 7 40 5 -4.480E-01 3.087E-01 -1.460E-01 -2.923E-02 -6.782E-02 -4.450E-01 3.060E-01 -1.446E-01 -2.920E-02 -6.675E-02 0 1 8 9 10
20210316:090000 5 3 7 41 5 -4.492E-01 3.100E-01 -1.466E-01 -2.901E-02 -6.821E-02 -4.480E-01 3.087E-01 -1.460E-01 -2.923E-02 -6.782E-02 0 1 8 9 10
20210317:090000 5 3 7 69 5 -4.558E-01 3.148E-01 -1.454E-01 -2.671E-02 -6.718E-02 -4.492E-01 3.100E-01 -1.466E-01 -2.901E-02 -6.821E-02 0 1 8 9 10
20210318:090000 5 3 7 35 5 -4.596E-01 3.171E-01 -1.464E-01 -2.706E-02 -6.768E-02 -4.558E-01 3.148E-01 -1.454E-01 -2.671E-02 -6.718E-02 0 1 8 9 10
20210319:090000 5 3 7 33 5 -4.622E-01 3.183E-01 -1.484E-01 -2.738E-02 -6.892E-02 -4.596E-01 3.171E-01 -1.464E-01 -2.706E-02 -6.768E-02 0 1 8 9 10
20210320:090000 5 3 7 27 5 -4.647E-01 3.201E-01 -1.502E-01 -2.776E-02 -7.023E-02 -4.622E-01 3.183E-01 -1.484E-01 -2.738E-02 -6.892E-02 0 1 8 9 10
20210321:090000 5 3 7 31 5 -4.664E-01 3.215E-01 -1.514E-01 -2.776E-02 -7.098E-02 -4.647E-01 3.201E-01 -1.502E-01 -2.776E-02 -7.023E-02 0 1 8 9 10
20210322:090000 5 3 7 61 5 -4.727E-01 3.247E-01 -1.486E-01 -2.811E-02 -6.826E-02 -4.664E-01 3.215E-01 -1.514E-01 -2.776E-02 -7.098E-02 0 1 8 9 10
20210323:090000 5 3 7 27 5 -4.763E-01 3.269E-01 -1.469E-01 -2.948E-02 -6.659E-02 -4.727E-01 3.247E-01 -1.486E-01 -2.811E-02 -6.826E-02 0 1 8 9 10
20210324:090000 5 3 7 32 5 -4.801E-01 3.289E-01 -1.459E-01 -2.893E-02 -6.589E-02 -4.763E-01 3.269E-01 -1.469E-01 -2.948E-02 -6.659E-02 0 1 8 9 10
20210325:090000 5 3 7 43 5 -4.840E-01 3.315E-01 -1.471E-01 -2.737E-02 -6.656E-02 -4.801E-01 3.289E-01 -1.459E-01 -2.893E-02 -6.589E-02 0 1 8 9 10
20210326:090000 5 3 7 39 5 -4.865E-01 3.332E-01 -1.491E-01 -2.763E-02 -6.781E-02 -4.840E-01 3.315E-01 -1.471E-01 -2.737E-02 -6.656E-02 0 1 8 9 10
20210327:090000 5 3 7 92 5 -4.929E-01 3.379E-01 -1.493E-01 -2.628E-02 -6.721E-02 -4.865E-01 3.332E-01 -1.491E-01 -2.763E-02 -6.781E-02 0 1 8 9 10
20210328:090000 5 3 7 21 5 -4.957E-01 3.395E-01 -1.479E-01 -2.693E-02 -6.587E-02 -4.929E-01 3.379E-01 -1.493E-01 -2.628E-02 -6.721E-02 0 1 8 9 10
20210329:090000 5 3 7 33 5 -5.011E-01 3.407E-01 -1.483E-01 -2.617E-02 -6.667E-02 -4.957E-01 3.395E-01 -1.479E-01 -2.693E-02 -6.587E-02 0 1 8 9 10
20210330:090000 5 3 7 67 5 -5.109E-01 3.425E-01 -1.507E-01 -2.154E-02 -6.808E-02 -5.011E-01 3.407E-01 -1.483E-01 -2.617E-02 -6.667E-02 0 1 8 9 10
20210331:090000 5 3 7 28 5 -5.143E-01 3.433E-01 -1.529E-01 -2.061E-02 -6.886E-02 -5.109E-01 3.425E-01 -1.507E-01 -2.154E-02 -6.808E-02 0 1 8 9 10
20210401:090000 5 3 7 60 5 -5.219E-01 3.461E-01 -1.512E-01 -2.048E-02 -6.671E-02 -5.143E-01 3.433E-01 -1.529E-01 -2.061E-02 -6.886E-02 0 1 8 9 10
20210402:090000 5 3 7 56 5 -5.283E-01 3.488E-01 -1.494E-01 -2.058E-02 -6.468E-02 -5.219E-01 3.461E-01 -1.512E-01 -2.048E-02 -6.671E-02 0 1 8 9 10
20210403:090000 5 3 7 52 5 -5.319E-01 3.505E-01 -1.515E-01 -2.065E-02 -6.613E-02 -5.283E-01 3.488E-01 -1.494E-01 -2.058E-02 -6.468E-02 0 1 8 9 10
20210404:090000 5 3 7 47 5 -5.352E-01 3.524E-01 -1.536E-01 -2.051E-02 -6.748E-02 -5.319E-01 3.505E-01 -1.515E-01 -2.065E-02 -6.613E-02 0 1 8 9 10
20210405:090000 5 3 7 35 5 -5.361E-01 3.521E-01 -1.543E-01 -2.063E-02 -6.781E-02 -5.352E-01 3.524E-01 -1.536E-01 -2.051E-02 -6.748E-02 0 1 8 9 10
20210406:090000 5 3 7 63 5 -5.378E-01 3.525E-01 -1.529E-01 -1.941E-02 -6.620E-02 -5.361E-01 3.521E-01 -1.543E-01 -2.063E-02 -6.781E-02 0 1 8 9 10
20210407:090000 5 3 7 34 5 -5.379E-01 3.525E-01 -1.529E-01 -1.952E-02 -6.624E-02 -5.378E-01 3.525E-01 -1.529E-01 -1.941E-02 -6.620E-02 0 1 8 9 10
20210408:090000 5 3 7 26 5 -5.389E-01 3.530E-01 -1.533E-01 -1.964E-02 -6.672E-02 -5.379E-01 3.525E-01 -1.529E-01 -1.952E-02 -6.624E-02 0 1 8 9 10
20210409:090000 5 3 7 37 5 -5.411E-01 3.541E-01 -1.545E-01 -1.937E-02 -6.747E-02 -5.389E-01 3.530E-01 -1.533E-01 -1.964E-02 -6.672E-02 0 1 8 9 10
20210410:090000 5 3 7 62 5 -5.427E-01 3.547E-01 -1.529E-01 -2.101E-02 -6.617E-02 -5.411E-01 3.541E-01 -1.545E-01 -1.937E-02 -6.747E-02 0 1 8 9 10
