20210314:090000 3 3 7 9 5 -1.787E-01 1.249E-01 -1.004E-01 -7.085E-03 -5.840E-02 -1.782E-01 1.246E-01 -1.002E-01 -7.516E-03 -5.845E-02 0 1 8 9 10
20210314:210000 3 3 7 36 5 -3.104E-01 8.823E-03 6.089E-02 3.667E-02 2.638E-02 -3.092E-01 7.765E-03 6.032E-02 3.777E-02 2.595E-02 0 1 8 9 10
20210315:090000 3 3 7 36 5 -1.805E-01 1.261E-01 -1.012E-01 -6.548E-03 -5.863E-02 -1.787E-01 1.249E-01 -1.004E-01 -7.085E-03 -5.840E-02 0 1 8 9 10
20210315:210000 3 3 7 62 5 -3.112E-01 9.303E-03 6.007E-02 3.624E-02 2.573E-02 -3.104E-01 8.823E-03 6.089E-02 3.667E-02 2.638E-02 0 1 8 9 10
20210316:090000 3 3 7 11 5 -1.810E-01 1.264E-01 -1.015E-01 -6.839E-03 -5.891E-02 -1.805E-01 1.261E-01 -1.012E-01 -6.548E-03 -5.863E-02 0 1 8 9 10
20210316:210000 3 3 7 70 5 -3.121E-01 9.943E-03 5.718E-02 3.479E-02 2.391E-02 -3.112E-01 9.303E-03 6.007E-02 3.624E-02 2.573E-02 0 1 8 9 10
20210317:090000 3 3 7 10 5 -1.810E-01 1.264E-01 -1.013E-01 -6.763E-03 -5.883E-02 -1.810E-01 1.264E-01 -1.015E-01 -6.839E-03 -5.891E-02 0 1 8 9 10
20210317:210000 3 3 7 7 5 -3.126E-01 1.044E-02 5.658E-02 3.445E-02 2.344E-02 -3.121E-01 9.943E-03 5.718E-02 3.479E-02 2.391E-02 0 1 8 9 10
20210318:090000 3 3 7 4 5 -1.811E-01 1.265E-01 -1.013E-01 -6.735E-03 -5.885E-02 -1.810E-01 1.264E-01 -1.013E-01 -6.763E-03 -5.883E-02 0 1 8 9 10
20210318:210000 3 3 7 65 5 -3.156E-01 1.251E-02 5.500E-02 3.394E-02 2.243E-02 -3.126E-01 1.044E-02 5.658E-02 3.445E-02 2.344E-02 0 1 8 9 10
20210319:090000 3 3 7 11 5 -1.819E-01 1.268E-01 -1.013E-01 -6.433E-03 -5.872E-02 -1.811E-01 1.265E-01 -1.013E-01 -6.735E-03 -5.885E-02 0 1 8 9 10
20210319:210000 3 3 7 68 5 -3.162E-01 1.285E-02 5.508E-02 3.317E-02 2.258E-02 -3.156E-01 1.251E-02 5.500E-02 3.394E-02 2.243E-02 0 1 8 9 10
20210320:090000 3 3 7 25 5 -1.828E-01 1.274E-01 -1.020E-01 -6.587E-03 -5.920E-02 -1.819E-01 1.268E-01 -1.013E-01 -6.433E-03 -5.872E-02 0 1 8 9 10
20210320:210000 3 3 7 59 5 -3.177E-01 1.360E-02 5.451E-02 3.252E-02 2.221E-02 -3.162E-01 1.285E-02 5.508E-02 3.317E-02 2.258E-02 0 1 8 9 10
20210321:090000 3 3 7 23 5 -1.840E-01 1.280E-01 -1.031E-01 -6.601E-03 -5.970E-02 -1.828E-01 1.274E-01 -1.020E-01 -6.587E-03 -5.920E-02 0 1 8 9 10
20210321:210000 3 3 7 61 5 -3.181E-01 1.375E-02 5.357E-02 3.123E-02 2.149E-02 -3.177E-01 1.360E-02 5.451E-02 3.252E-02 2.221E-02 0 1 8 9 10
20210322:090000 3 3 7 12 5 -1.843E-01 1.282E-01 -1.033E-01 -6.727E-03 -5.985E-02 -1.840E-01 1.280E-01 -1.031E-01 -6.601E-03 -5.970E-02 0 1 8 9 10
20210322:210000 3 3 7 11 5 -3.186E-01 1.412E-02 5.268E-02 3.055E-02 2.076E-02 -3.181E-01 1.375E-02 5.357E-02 3.123E-02 2.149E-02 0 1 8 9 10
20210323:090000 3 3 7 8 5 -1.843E-01 1.282E-01 -1.033E-01 -6.627E-03 -5.980E-02 -1.843E-01 1.282E-01 -1.033E-01 -6.727E-03 -5.985E-02 0 1 8 9 10
20210323:210000 3 3 7 48 5 -3.192E-01 1.438E-02 5.148E-02 3.019E-02 1.978E-02 -3.186E-01 1.412E-02 5.268E-02 3.055E-02 2.076E-02 0 1 8 9 10
20210324:090000 3 3 7 31 5 -1.864E-01 1.293E-01 -1.028E-01 -5.717E-03 -5.933E-02 -1.843E-01 1.282E-01 -1.033E-01 -6.627E-03 -5.980E-02 0 1 8 9 10
20210324:210000 3 3 7 64 5 -3.179E-01 1.314E-02 4.970E-02 2.888E-02 1.878E-02 -3.192E-01 1.438E-02 5.148E-02 3.019E-02 1.978E-02 0 1 8 9 10
20210325:090000 3 3 7 20 5 -1.880E-01 1.304E-01 -1.040E-01 -6.563E-03 -6.019E-02 -1.864E-01 1.293E-01 -1.028E-01 -5.717E-03 -5.933E-02 0 1 8 9 10
20210325:210000 3 3 7 105 5 -3.179E-01 1.305E-02 4.623E-02 2.728E-02 1.653E-02 -3.179E-01 1.314E-02 4.970E-02 2.888E-02 1.878E-02 0 1 8 9 10
20210326:090000 3 3 7 19 5 -1.893E-01 1.313E-01 -1.046E-01 -6.868E-03 -6.069E-02 -1.880E-01 1.304E-01 -1.040E-01 -6.563E-03 -6.019E-02 0 1 8 9 10
20210326:210000 3 3 7 57 5 -3.182E-01 1.323E-02 4.541E-02 2.671E-02 1.606E-02 -3.179E-01 1.305E-02 4.623E-02 2.728E-02 1.653E-02 0 1 8 9 10
20210327:090000 3 3 7 7 5 -1.893E-01 1.312E-01 -1.045E-01 -6.682E-03 -6.058E-02 -1.893E-01 1.313E-01 -1.046E-01 -6.868E-03 -6.069E-02 0 1 8 9 10
20210327:210000 3 3 7 15 5 -3.199E-01 1.438E-02 4.351E-02 2.568E-02 1.463E-02 -3.182E-01 1.323E-02 4.541E-02 2.671E-02 1.606E-02 0 1 8 9 10
20210328:090000 3 3 7 3 5 -1.894E-01 1.312E-01 -1.045E-01 -6.652E-03 -6.059E-02 -1.893E-01 1.312E-01 -1.045E-01 -6.682E-03 -6.058E-02 0 1 8 9 10
20210328:210000 3 3 7 37 5 -3.225E-01 1.546E-02 4.233E-02 2.414E-02 1.368E-02 -3.199E-01 1.438E-02 4.351E-02 2.568E-02 1.463E-02 0 1 8 9 10
20210329:090000 3 3 7 22 5 -1.908E-01 1.317E-01 -1.054E-01 -7.191E-03 -6.127E-02 -1.894E-01 1.312E-01 -1.045E-01 -6.652E-03 -6.059E-02 0 1 8 9 10
20210329:210000 3 3 7 88 5 -3.252E-01 1.603E-02 4.046E-02 2.341E-02 1.210E-02 -3.225E-01 1.546E-02 4.233E-02 2.414E-02 1.368E-02 0 1 8 9 10
20210330:090000 3 3 7 27 5 -1.930E-01 1.321E-01 -1.046E-01 -7.583E-03 -6.067E-02 -1.908E-01 1.317E-01 -1.054E-01 -7.191E-03 -6.127E-02 0 1 8 9 10
20210330:210000 3 3 7 87 5 -3.272E-01 1.665E-02 3.904E-02 2.154E-02 1.158E-02 -3.252E-01 1.603E-02 4.046E-02 2.341E-02 1.210E-02 0 1 8 9 10
20210331:090000 3 3 7 14 5 -1.943E-01 1.325E-01 -1.051E-01 -7.381E-03 -6.091E-02 -1.930E-01 1.321E-01 -1.046E-01 -7.583E-03 -6.067E-02 0 1 8 9 10
20210331:210000 3 3 7 29 5 -3.278E-01 1.689E-02 3.912E-02 2.126E-02 1.177E-02 -3.272E-01 1.665E-02 3.904E-02 2.154E-02 1.158E-02 0 1 8 9 10
20210401:090000 3 3 7 10 5 -1.951E-01 1.328E-01 -1.050E-01 -6.823E-03 -6.082E-02 -1.943E-01 1.325E-01 -1.051E-01 -7.381E-03 -6.091E-02 0 1 8 9 10
20210401:210000 3 3 7 12 5 -3.286E-01 1.715E-02 3.809E-02 2.057E-02 1.093E-02 -3.278E-01 1.689E-02 3.912E-02 2.126E-02 1.177E-02 0 1 8 9 10
20210402:090000 3 3 7 20 5 -1.958E-01 1.330E-01 -1.056E-01 -6.949E-03 -6.121E-02 -1.951E-01 1.328E-01 -1.050E-01 -6.823E-03 -6.082E-02 0 1 8 9 10
20210402:210000 3 3 7 76 5 -3.309E-01 1.833E-02 3.828E-02 2.107E-02 1.120E-02 -3.286E-01 1.715E-02 3.809E-02 2.057E-02 1.093E-02 0 1 8 9 10
20210403:090000 3 3 7 48 5 -1.976E-01 1.332E-01 -1.048E-01 -6.568E-03 -6.039E-02 -1.958E-01 1.330E-01 -1.056E-01 -6.949E-03 -6.121E-02 0 1 8 9 10
20210403:210000 3 3 7 66 5 -3.328E-01 1.940E-02 3.757E-02 1.974E-02 1.082E-02 -3.309E-01 1.833E-02 3.828E-02 2.107E-02 1.120E-02 0 1 8 9 10
20210404:090000 3 3 7 19 5 -1.989E-01 1.338E-01 -1.055E-01 -6.843E-03 -6.070E-02 -1.976E-01 1.332E-01 -1.048E-01 -6.568E-03 -6.039E-02 0 1 8 9 10
20210404:210000 3 3 7 40 5 -3.350E-01 2.058E-02 3.698E-02 1.894E-02 1.053E-02 -3.328E-01 1.940E-02 3.757E-02 1.974E-02 1.082E-02 0 1 8 9 10
20210405:090000 3 3 7 16 5 -1.990E-01 1.334E-01 -1.053E-01 -7.233E-03 -6.058E-02 -1.989E-01 1.338E-01 -1.055E-01 -6.843E-03 -6.070E-02 0 1 8 9 10
20210405:210000 3 3 7 13 5 -3.358E-01 2.148E-02 3.626E-02 1.857E-02 9.947E-03 -3.350E-01 2.058E-02 3.698E-02 1.894E-02 1.053E-02 0 1 8 9 10
20210406:090000 3 3 7 11 5 -1.990E-01 1.331E-01 -1.052E-01 -7.108E-03 -6.051E-02 -1.990E-01 1.334E-01 -1.053E-01 -7.233E-03 -6.058E-02 0 1 8 9 10
20210406:210000 3 3 7 23 5 -3.366E-01 2.202E-02 3.672E-02 1.810E-02 1.029E-02 -3.358E-01 2.148E-02 3.626E-02 1.857E-02 9.947E-03 0 1 8 9 10
20210407:090000 3 3 7 11 5 -1.989E-01 1.330E-01 -1.051E-01 -7.056E-03 -6.040E-02 -1.990E-01 1.331E-01 -1.052E-01 -7.108E-03 -6.051E-02 0 1 8 9 10
20210407:210000 3 3 7 24 5 -3.372E-01 2.273E-02 3.657E-02 1.725E-02 1.035E-02 -3.366E-01 2.202E-02 3.672E-02 1.810E-02 1.029E-02 0 1 8 9 10
20210408:090000 3 3 7 45 5 -1.997E-01 1.333E-01 -1.031E-01 -6.817E-03 -5.861E-02 -1.989E-01 1.330E-01 -1.051E-01 -7.056E-03 -6.040E-02 0 1 8 9 10
20210408:210000 3 3 7 23 5 -3.384E-01 2.368E-02 3.744E-02 1.694E-02 1.100E-02 -3.372E-01 2.273E-02 3.657E-02 1.725E-02 1.035E-02 0 1 8 9 10
20210409:090000 3 3 7 24 5 -2.001E-01 1.335E-01 -1.029E-01 -6.819E-03 -5.845E-02 -1.997E-01 1.333E-01 -1.031E-01 -6.817E-03 -5.861E-02 0 1 8 9 10
20210409:210000 3 3 7 81 5 -3.387E-01 2.320E-02 3.504E-02 1.698E-02 9.573E-03 -3.384E-01 2.368E-02 3.744E-02 1.694E-02 1.100E-02 0 1 8 9 10
20210410:090000 3 3 7 23 5 -2.007E-01 1.336E-01 -1.032E-01 -6.763E-03 -5.861E-02 -2.001E-01 1.335E-01 -1.029E-01 -6.819E-03 -5.845E-02 0 1 8 9 10
20210410:210000 3 3 7 25 5 -3.393E-01 2.347E-02 3.494E-02 1.669E-02 9.287E-03 -3.387E-01 2.320E-02 3.504E-02 1.698E-02 9.573E-03 0 1 8 9 10
