20210314:030000 523 73 6 65 4 1.310E+00 1.462E-01 3.996E-02 1.247E-01 1.297E+00 1.494E-01 4.786E-02 1.268E-01 0 8 9 10
20210314:120000 523 73 6 63 4 8.789E-01 3.377E-01 -3.717E-03 3.021E-01 8.646E-01 3.384E-01 1.333E-03 3.028E-01 0 8 9 10
20210315:030000 523 73 6 91 4 1.332E+00 1.367E-01 3.416E-02 1.165E-01 1.310E+00 1.462E-01 3.996E-02 1.247E-01 0 8 9 10
20210315:120000 523 73 6 59 4 8.872E-01 3.379E-01 -1.083E-02 2.998E-01 8.789E-01 3.377E-01 -3.717E-03 3.021E-01 0 8 9 10
20210316:030000 523 73 6 90 4 1.348E+00 1.287E-01 3.662E-02 1.077E-01 1.332E+00 1.367E-01 3.416E-02 1.165E-01 0 8 9 10
20210316:120000 523 73 6 42 4 8.914E-01 3.396E-01 -1.248E-02 3.002E-01 8.872E-01 3.379E-01 -1.083E-02 2.998E-01 0 8 9 10
20210317:030000 523 73 6 54 4 1.352E+00 1.306E-01 3.458E-02 1.081E-01 1.348E+00 1.287E-01 3.662E-02 1.077E-01 0 8 9 10
20210317:120000 523 73 6 18 4 8.908E-01 3.382E-01 -1.510E-02 2.975E-01 8.914E-01 3.396E-01 -1.248E-02 3.002E-01 0 8 9 10
20210318:030000 523 73 6 59 4 1.363E+00 1.364E-01 3.236E-02 1.112E-01 1.352E+00 1.306E-01 3.458E-02 1.081E-01 0 8 9 10
20210318:120000 523 73 6 48 4 8.966E-01 3.352E-01 -1.977E-02 2.935E-01 8.908E-01 3.382E-01 -1.510E-02 2.975E-01 0 8 9 10
20210319:030000 523 73 6 72 4 1.373E+00 1.324E-01 2.691E-02 1.087E-01 1.363E+00 1.364E-01 3.236E-02 1.112E-01 0 8 9 10
20210319:120000 523 73 6 75 4 9.107E-01 3.375E-01 -2.502E-02 2.946E-01 8.966E-01 3.352E-01 -1.977E-02 2.935E-01 0 8 9 10
20210320:030000 523 73 6 71 4 1.389E+00 1.244E-01 1.707E-02 1.023E-01 1.373E+00 1.324E-01 2.691E-02 1.087E-01 0 8 9 10
20210320:120000 523 73 6 72 4 9.224E-01 3.399E-01 -2.776E-02 2.962E-01 9.107E-01 3.375E-01 -2.502E-02 2.946E-01 0 8 9 10
20210321:030000 523 73 6 79 4 1.405E+00 1.136E-01 1.613E-02 9.144E-02 1.389E+00 1.244E-01 1.707E-02 1.023E-01 0 8 9 10
20210321:120000 523 73 6 46 4 9.263E-01 3.414E-01 -2.979E-02 2.963E-01 9.224E-01 3.399E-01 -2.776E-02 2.962E-01 0 8 9 10
20210322:030000 523 73 6 65 4 1.423E+00 1.193E-01 2.412E-02 9.789E-02 1.405E+00 1.136E-01 1.613E-02 9.144E-02 0 8 9 10
20210322:120000 523 73 6 36 4 9.293E-01 3.416E-01 -3.378E-02 2.946E-01 9.263E-01 3.414E-01 -2.979E-02 2.963E-01 0 8 9 10
20210323:030000 523 73 6 49 4 1.430E+00 1.235E-01 2.401E-02 1.012E-01 1.423E+00 1.193E-01 2.412E-02 9.789E-02 0 8 9 10
20210323:120000 523 73 6 19 4 9.272E-01 3.379E-01 -4.009E-02 2.876E-01 9.293E-01 3.416E-01 -3.378E-02 2.946E-01 0 8 9 10
20210324:030000 523 73 6 70 4 1.441E+00 1.320E-01 3.193E-02 1.137E-01 1.430E+00 1.235E-01 2.401E-02 1.012E-01 0 8 9 10
20210324:120000 523 73 6 93 4 9.559E-01 3.317E-01 -5.360E-02 2.823E-01 9.272E-01 3.379E-01 -4.009E-02 2.876E-01 0 8 9 10
20210325:030000 523 73 6 85 4 1.452E+00 1.322E-01 3.198E-02 1.158E-01 1.441E+00 1.320E-01 3.193E-02 1.137E-01 0 8 9 10
20210325:120000 523 73 6 77 4 9.727E-01 3.310E-01 -6.261E-02 2.811E-01 9.559E-01 3.317E-01 -5.360E-02 2.823E-01 0 8 9 10
20210326:030000 523 73 6 97 4 1.460E+00 1.222E-01 3.048E-02 1.065E-01 1.452E+00 1.322E-01 3.198E-02 1.158E-01 0 8 9 10
20210326:120000 523 73 6 70 4 9.823E-01 3.308E-01 -7.380E-02 2.766E-01 9.727E-01 3.310E-01 -6.261E-02 2.811E-01 0 8 9 10
20210327:030000 523 73 6 94 4 1.475E+00 1.083E-01 4.048E-02 8.895E-02 1.460E+00 1.222E-01 3.048E-02 1.065E-01 0 8 9 10
20210327:120000 523 73 6 52 4 9.851E-01 3.310E-01 -7.723E-02 2.751E-01 9.823E-01 3.308E-01 -7.380E-02 2.766E-01 0 8 9 10
20210328:030000 523 73 6 53 4 1.478E+00 1.095E-01 3.867E-02 8.836E-02 1.475E+00 1.083E-01 4.048E-02 8.895E-02 0 8 9 10
20210328:120000 523 73 6 26 4 9.886E-01 3.353E-01 -7.348E-02 2.795E-01 9.851E-01 3.310E-01 -7.723E-02 2.751E-01 0 8 9 10
20210329:030000 523 73 6 71 4 1.483E+00 1.141E-01 4.088E-02 9.218E-02 1.478E+00 1.095E-01 3.867E-02 8.836E-02 0 8 9 10
20210329:120000 523 73 6 84 4 1.013E+00 3.289E-01 -7.852E-02 2.761E-01 9.886E-01 3.353E-01 -7.348E-02 2.795E-01 0 8 9 10
20210330:030000 523 73 6 79 4 1.493E+00 1.183E-01 4.323E-02 9.700E-02 1.483E+00 1.141E-01 4.088E-02 9.218E-02 0 8 9 10
20210330:120000 523 73 6 67 4 1.029E+00 3.294E-01 -8.805E-02 2.753E-01 1.013E+00 3.289E-01 -7.852E-02 2.761E-01 0 8 9 10
20210331:030000 523 73 6 82 4 1.505E+00 1.145E-01 4.168E-02 9.378E-02 1.493E+00 1.183E-01 4.323E-02 9.700E-02 0 8 9 10
20210331:120000 523 73 6 69 4 1.036E+00 3.291E-01 -9.323E-02 2.737E-01 1.029E+00 3.294E-01 -8.805E-02 2.753E-01 0 8 9 10
20210401:030000 523 73 6 101 4 1.524E+00 1.056E-01 4.334E-02 8.294E-02 1.505E+00 1.145E-01 4.168E-02 9.378E-02 0 8 9 10
20210401:120000 523 73 6 52 4 1.044E+00 3.353E-01 -9.142E-02 2.789E-01 1.036E+00 3.291E-01 -9.323E-02 2.737E-01 0 8 9 10
20210402:030000 523 73 6 54 4 1.525E+00 1.050E-01 4.089E-02 8.070E-02 1.524E+00 1.056E-01 4.334E-02 8.294E-02 0 8 9 10
20210402:120000 523 73 6 33 4 1.043E+00 3.333E-01 -9.388E-02 2.763E-01 1.044E+00 3.353E-01 -9.142E-02 2.789E-01 0 8 9 10
20210403:030000 523 73 6 70 4 1.534E+00 1.097E-01 3.920E-02 8.483E-02 1.525E+00 1.050E-01 4.089E-02 8.070E-02 0 8 9 10
20210403:120000 523 73 6 96 4 1.066E+00 3.231E-01 -9.534E-02 2.652E-01 1.043E+00 3.333E-01 -9.388E-02 2.763E-01 0 8 9 10
20210404:030000 523 73 6 64 4 1.547E+00 1.079E-01 3.726E-02 8.707E-02 1.534E+00 1.097E-01 3.920E-02 8.483E-02 0 8 9 10
20210404:120000 523 73 6 84 4 1.086E+00 3.278E-01 -1.005E-01 2.690E-01 1.066E+00 3.231E-01 -9.534E-02 2.652E-01 0 8 9 10
20210405:030000 523 73 6 60 4 1.549E+00 1.041E-01 3.562E-02 8.411E-02 1.547E+00 1.079E-01 3.726E-02 8.707E-02 0 8 9 10
20210405:120000 523 73 6 57 4 1.091E+00 3.310E-01 -9.967E-02 2.719E-01 1.086E+00 3.278E-01 -1.005E-01 2.690E-01 0 8 9 10
20210406:030000 523 73 6 68 4 1.553E+00 9.421E-02 3.451E-02 7.404E-02 1.549E+00 1.041E-01 3.562E-02 8.411E-02 0 8 9 10
20210406:120000 523 73 6 33 4 1.092E+00 3.319E-01 -9.879E-02 2.730E-01 1.091E+00 3.310E-01 -9.967E-02 2.719E-01 0 8 9 10
20210407:030000 523 73 6 36 4 1.554E+00 9.437E-02 3.306E-02 7.335E-02 1.553E+00 9.421E-02 3.451E-02 7.404E-02 0 8 9 10
20210407:120000 523 73 6 17 4 1.092E+00 3.315E-01 -9.921E-02 2.725E-01 1.092E+00 3.319E-01 -9.879E-02 2.730E-01 0 8 9 10
20210408:030000 523 73 6 37 4 1.557E+00 9.644E-02 3.326E-02 7.504E-02 1.554E+00 9.437E-02 3.306E-02 7.335E-02 0 8 9 10
20210408:120000 523 73 6 43 4 1.100E+00 3.267E-01 -1.016E-01 2.682E-01 1.092E+00 3.315E-01 -9.921E-02 2.725E-01 0 8 9 10
20210409:030000 523 73 6 50 4 1.560E+00 9.716E-02 3.109E-02 7.500E-02 1.557E+00 9.644E-02 3.326E-02 7.504E-02 0 8 9 10
20210409:120000 523 73 6 78 4 1.110E+00 3.211E-01 -1.058E-01 2.651E-01 1.100E+00 3.267E-01 -1.016E-01 2.682E-01 0 8 9 10
20210410:030000 523 73 6 43 4 1.563E+00 9.493E-02 3.108E-02 7.329E-02 1.560E+00 9.716E-02 3.109E-02 7.500E-02 0 8 9 10
20210410:120000 523 73 6 50 4 1.115E+00 3.208E-01 -1.097E-01 2.641E-01 1.110E+00 3.211E-01 -1.058E-01 2.651E-01 0 8 9 10
