20210314:030000 523 73 15 64 6 -1.012E+00 7.517E-01 -7.122E-01 -9.720E-02 3.094E-01 -2.755E-01 -1.010E+00 7.508E-01 -7.113E-01 -1.018E-01 3.083E-01 -2.771E-01 0 1 2 8 9 10
20210314:120000 523 73 15 60 6 -8.521E-01 5.474E-01 -5.169E-01 -2.956E-01 8.981E-02 -2.429E-01 -8.503E-01 5.452E-01 -5.150E-01 -2.980E-01 8.576E-02 -2.458E-01 0 1 2 8 9 10
20210315:030000 523 73 15 88 6 -1.016E+00 7.493E-01 -7.095E-01 -8.084E-02 3.098E-01 -2.619E-01 -1.012E+00 7.517E-01 -7.122E-01 -9.720E-02 3.094E-01 -2.755E-01 0 1 2 8 9 10
20210315:120000 523 73 15 57 6 -8.579E-01 5.534E-01 -5.217E-01 -2.984E-01 8.544E-02 -2.480E-01 -8.521E-01 5.474E-01 -5.169E-01 -2.956E-01 8.981E-02 -2.429E-01 0 1 2 8 9 10
20210316:030000 523 73 15 86 6 -1.017E+00 7.450E-01 -7.062E-01 -6.911E-02 2.982E-01 -2.540E-01 -1.016E+00 7.493E-01 -7.095E-01 -8.084E-02 3.098E-01 -2.619E-01 0 1 2 8 9 10
20210316:120000 523 73 15 39 6 -8.591E-01 5.543E-01 -5.226E-01 -2.996E-01 8.521E-02 -2.483E-01 -8.579E-01 5.534E-01 -5.217E-01 -2.984E-01 8.544E-02 -2.480E-01 0 1 2 8 9 10
20210317:030000 523 73 15 50 6 -1.022E+00 7.483E-01 -7.091E-01 -7.296E-02 2.959E-01 -2.587E-01 -1.017E+00 7.450E-01 -7.062E-01 -6.911E-02 2.982E-01 -2.540E-01 0 1 2 8 9 10
20210317:120000 523 73 15 18 6 -8.586E-01 5.541E-01 -5.223E-01 -2.985E-01 8.745E-02 -2.458E-01 -8.591E-01 5.543E-01 -5.226E-01 -2.996E-01 8.521E-02 -2.483E-01 0 1 2 8 9 10
20210318:030000 523 73 15 55 6 -1.031E+00 7.530E-01 -7.131E-01 -7.739E-02 2.980E-01 -2.609E-01 -1.022E+00 7.483E-01 -7.091E-01 -7.296E-02 2.959E-01 -2.587E-01 0 1 2 8 9 10
20210318:120000 523 73 15 47 6 -8.631E-01 5.577E-01 -5.253E-01 -2.958E-01 9.005E-02 -2.417E-01 -8.586E-01 5.541E-01 -5.223E-01 -2.985E-01 8.745E-02 -2.458E-01 0 1 2 8 9 10
20210319:030000 523 73 15 69 6 -1.048E+00 7.596E-01 -7.184E-01 -7.463E-02 3.109E-01 -2.561E-01 -1.031E+00 7.530E-01 -7.131E-01 -7.739E-02 2.980E-01 -2.609E-01 0 1 2 8 9 10
20210319:120000 523 73 15 73 6 -8.706E-01 5.633E-01 -5.294E-01 -2.948E-01 9.598E-02 -2.403E-01 -8.631E-01 5.577E-01 -5.253E-01 -2.958E-01 9.005E-02 -2.417E-01 0 1 2 8 9 10
20210320:030000 523 73 15 66 6 -1.050E+00 7.596E-01 -7.182E-01 -7.008E-02 3.117E-01 -2.534E-01 -1.048E+00 7.596E-01 -7.184E-01 -7.463E-02 3.109E-01 -2.561E-01 0 1 2 8 9 10
20210320:120000 523 73 15 69 6 -8.743E-01 5.652E-01 -5.310E-01 -2.941E-01 9.999E-02 -2.378E-01 -8.706E-01 5.633E-01 -5.294E-01 -2.948E-01 9.598E-02 -2.403E-01 0 1 2 8 9 10
20210321:030000 523 73 15 76 6 -1.054E+00 7.602E-01 -7.184E-01 -6.037E-02 3.042E-01 -2.444E-01 -1.050E+00 7.596E-01 -7.182E-01 -7.008E-02 3.117E-01 -2.534E-01 0 1 2 8 9 10
20210321:120000 523 73 15 41 6 -8.784E-01 5.684E-01 -5.335E-01 -2.975E-01 9.901E-02 -2.403E-01 -8.743E-01 5.652E-01 -5.310E-01 -2.941E-01 9.999E-02 -2.378E-01 0 1 2 8 9 10
20210322:030000 523 73 15 59 6 -1.066E+00 7.650E-01 -7.209E-01 -6.638E-02 2.902E-01 -2.516E-01 -1.054E+00 7.602E-01 -7.184E-01 -6.037E-02 3.042E-01 -2.444E-01 0 1 2 8 9 10
20210322:120000 523 73 15 36 6 -8.783E-01 5.686E-01 -5.336E-01 -2.955E-01 1.035E-01 -2.365E-01 -8.784E-01 5.684E-01 -5.335E-01 -2.975E-01 9.901E-02 -2.403E-01 0 1 2 8 9 10
20210323:030000 523 73 15 45 6 -1.075E+00 7.694E-01 -7.240E-01 -7.266E-02 2.879E-01 -2.583E-01 -1.066E+00 7.650E-01 -7.209E-01 -6.638E-02 2.902E-01 -2.516E-01 0 1 2 8 9 10
20210323:120000 523 73 15 17 6 -8.822E-01 5.713E-01 -5.355E-01 -3.011E-01 9.646E-02 -2.444E-01 -8.783E-01 5.686E-01 -5.336E-01 -2.955E-01 1.035E-01 -2.365E-01 0 1 2 8 9 10
20210324:030000 523 73 15 64 6 -1.084E+00 7.740E-01 -7.280E-01 -7.966E-02 2.843E-01 -2.666E-01 -1.075E+00 7.694E-01 -7.240E-01 -7.266E-02 2.879E-01 -2.583E-01 0 1 2 8 9 10
20210324:120000 523 73 15 89 6 -8.922E-01 5.771E-01 -5.411E-01 -2.988E-01 1.017E-01 -2.419E-01 -8.822E-01 5.713E-01 -5.355E-01 -3.011E-01 9.646E-02 -2.444E-01 0 1 2 8 9 10
20210325:030000 523 73 15 78 6 -1.080E+00 7.701E-01 -7.237E-01 -7.958E-02 2.806E-01 -2.670E-01 -1.084E+00 7.740E-01 -7.280E-01 -7.966E-02 2.843E-01 -2.666E-01 0 1 2 8 9 10
20210325:120000 523 73 15 72 6 -8.956E-01 5.796E-01 -5.436E-01 -2.952E-01 1.076E-01 -2.383E-01 -8.922E-01 5.771E-01 -5.411E-01 -2.988E-01 1.017E-01 -2.419E-01 0 1 2 8 9 10
20210326:030000 523 73 15 92 6 -1.082E+00 7.719E-01 -7.261E-01 -7.483E-02 2.797E-01 -2.634E-01 -1.080E+00 7.701E-01 -7.237E-01 -7.958E-02 2.806E-01 -2.670E-01 0 1 2 8 9 10
20210326:120000 523 73 15 68 6 -9.023E-01 5.848E-01 -5.502E-01 -2.988E-01 1.086E-01 -2.404E-01 -8.956E-01 5.796E-01 -5.436E-01 -2.952E-01 1.076E-01 -2.383E-01 0 1 2 8 9 10
20210327:030000 523 73 15 88 6 -1.079E+00 7.676E-01 -7.217E-01 -6.970E-02 2.919E-01 -2.645E-01 -1.082E+00 7.719E-01 -7.261E-01 -7.483E-02 2.797E-01 -2.634E-01 0 1 2 8 9 10
20210327:120000 523 73 15 51 6 -9.048E-01 5.877E-01 -5.531E-01 -2.996E-01 1.108E-01 -2.394E-01 -9.023E-01 5.848E-01 -5.502E-01 -2.988E-01 1.086E-01 -2.404E-01 0 1 2 8 9 10
20210328:030000 523 73 15 53 6 -1.086E+00 7.708E-01 -7.263E-01 -7.534E-02 2.916E-01 -2.687E-01 -1.079E+00 7.676E-01 -7.217E-01 -6.970E-02 2.919E-01 -2.645E-01 0 1 2 8 9 10
20210328:120000 523 73 15 23 6 -9.063E-01 5.891E-01 -5.546E-01 -3.016E-01 1.090E-01 -2.413E-01 -9.048E-01 5.877E-01 -5.531E-01 -2.996E-01 1.108E-01 -2.394E-01 0 1 2 8 9 10
20210329:030000 523 73 15 66 6 -1.110E+00 7.756E-01 -7.370E-01 -8.749E-02 2.947E-01 -2.786E-01 -1.086E+00 7.708E-01 -7.263E-01 -7.534E-02 2.916E-01 -2.687E-01 0 1 2 8 9 10
20210329:120000 523 73 15 79 6 -9.313E-01 5.948E-01 -5.661E-01 -2.950E-01 1.199E-01 -2.356E-01 -9.063E-01 5.891E-01 -5.546E-01 -3.016E-01 1.090E-01 -2.413E-01 0 1 2 8 9 10
20210330:030000 523 73 15 74 6 -1.131E+00 7.797E-01 -7.446E-01 -1.038E-01 2.854E-01 -2.963E-01 -1.110E+00 7.756E-01 -7.370E-01 -8.749E-02 2.947E-01 -2.786E-01 0 1 2 8 9 10
20210330:120000 523 73 15 63 6 -9.481E-01 5.991E-01 -5.741E-01 -2.973E-01 1.268E-01 -2.378E-01 -9.313E-01 5.948E-01 -5.661E-01 -2.950E-01 1.199E-01 -2.356E-01 0 1 2 8 9 10
20210331:030000 523 73 15 80 6 -1.153E+00 7.867E-01 -7.578E-01 -9.471E-02 2.832E-01 -2.858E-01 -1.131E+00 7.797E-01 -7.446E-01 -1.038E-01 2.854E-01 -2.963E-01 0 1 2 8 9 10
20210331:120000 523 73 15 62 6 -9.541E-01 6.012E-01 -5.776E-01 -2.976E-01 1.356E-01 -2.334E-01 -9.481E-01 5.991E-01 -5.741E-01 -2.973E-01 1.268E-01 -2.378E-01 0 1 2 8 9 10
20210401:030000 523 73 15 99 6 -1.172E+00 7.943E-01 -7.708E-01 -8.060E-02 2.844E-01 -2.692E-01 -1.153E+00 7.867E-01 -7.578E-01 -9.471E-02 2.832E-01 -2.858E-01 0 1 2 8 9 10
20210401:120000 523 73 15 48 6 -9.594E-01 6.040E-01 -5.819E-01 -3.010E-01 1.364E-01 -2.352E-01 -9.541E-01 6.012E-01 -5.776E-01 -2.976E-01 1.356E-01 -2.334E-01 0 1 2 8 9 10
20210402:030000 523 73 15 53 6 -1.175E+00 7.954E-01 -7.723E-01 -8.173E-02 2.849E-01 -2.709E-01 -1.172E+00 7.943E-01 -7.708E-01 -8.060E-02 2.844E-01 -2.692E-01 0 1 2 8 9 10
20210402:120000 523 73 15 32 6 -9.566E-01 6.023E-01 -5.794E-01 -2.976E-01 1.399E-01 -2.306E-01 -9.594E-01 6.040E-01 -5.819E-01 -3.010E-01 1.364E-01 -2.352E-01 0 1 2 8 9 10
20210403:030000 523 73 15 63 6 -1.179E+00 7.960E-01 -7.732E-01 -8.017E-02 2.903E-01 -2.684E-01 -1.175E+00 7.954E-01 -7.723E-01 -8.173E-02 2.849E-01 -2.709E-01 0 1 2 8 9 10
20210403:120000 523 73 15 94 6 -9.709E-01 6.099E-01 -5.891E-01 -2.890E-01 1.480E-01 -2.241E-01 -9.566E-01 6.023E-01 -5.794E-01 -2.976E-01 1.399E-01 -2.306E-01 0 1 2 8 9 10
20210404:030000 523 73 15 62 6 -1.185E+00 7.984E-01 -7.762E-01 -7.813E-02 2.927E-01 -2.680E-01 -1.179E+00 7.960E-01 -7.732E-01 -8.017E-02 2.903E-01 -2.684E-01 0 1 2 8 9 10
20210404:120000 523 73 15 78 6 -9.816E-01 6.160E-01 -5.967E-01 -2.892E-01 1.553E-01 -2.230E-01 -9.709E-01 6.099E-01 -5.891E-01 -2.890E-01 1.480E-01 -2.241E-01 0 1 2 8 9 10
20210405:030000 523 73 15 59 6 -1.190E+00 8.003E-01 -7.794E-01 -7.819E-02 2.881E-01 -2.662E-01 -1.185E+00 7.984E-01 -7.762E-01 -7.813E-02 2.927E-01 -2.680E-01 0 1 2 8 9 10
20210405:120000 523 73 15 57 6 -9.898E-01 6.231E-01 -6.049E-01 -2.911E-01 1.601E-01 -2.227E-01 -9.816E-01 6.160E-01 -5.967E-01 -2.892E-01 1.553E-01 -2.230E-01 0 1 2 8 9 10
20210406:030000 523 73 15 68 6 -1.184E+00 7.948E-01 -7.734E-01 -8.180E-02 2.824E-01 -2.691E-01 -1.190E+00 8.003E-01 -7.794E-01 -7.819E-02 2.881E-01 -2.662E-01 0 1 2 8 9 10
20210406:120000 523 73 15 32 6 -9.934E-01 6.286E-01 -6.091E-01 -2.953E-01 1.559E-01 -2.277E-01 -9.898E-01 6.231E-01 -6.049E-01 -2.911E-01 1.601E-01 -2.227E-01 0 1 2 8 9 10
20210407:030000 523 73 15 36 6 -1.186E+00 7.963E-01 -7.741E-01 -8.336E-02 2.826E-01 -2.696E-01 -1.184E+00 7.948E-01 -7.734E-01 -8.180E-02 2.824E-01 -2.691E-01 0 1 2 8 9 10
20210407:120000 523 73 15 16 6 -9.937E-01 6.290E-01 -6.093E-01 -2.960E-01 1.547E-01 -2.288E-01 -9.934E-01 6.286E-01 -6.091E-01 -2.953E-01 1.559E-01 -2.277E-01 0 1 2 8 9 10
20210408:030000 523 73 15 36 6 -1.188E+00 7.979E-01 -7.750E-01 -8.217E-02 2.866E-01 -2.682E-01 -1.186E+00 7.963E-01 -7.741E-01 -8.336E-02 2.826E-01 -2.696E-01 0 1 2 8 9 10
20210408:120000 523 73 15 42 6 -9.950E-01 6.295E-01 -6.098E-01 -2.979E-01 1.524E-01 -2.312E-01 -9.937E-01 6.290E-01 -6.093E-01 -2.960E-01 1.547E-01 -2.288E-01 0 1 2 8 9 10
20210409:030000 523 73 15 50 6 -1.192E+00 8.007E-01 -7.778E-01 -8.526E-02 2.856E-01 -2.709E-01 -1.188E+00 7.979E-01 -7.750E-01 -8.217E-02 2.866E-01 -2.682E-01 0 1 2 8 9 10
20210409:120000 523 73 15 75 6 -1.005E+00 6.372E-01 -6.177E-01 -2.953E-01 1.608E-01 -2.281E-01 -9.950E-01 6.295E-01 -6.098E-01 -2.979E-01 1.524E-01 -2.312E-01 0 1 2 8 9 10
20210410:030000 523 73 15 43 6 -1.198E+00 8.032E-01 -7.825E-01 -8.433E-02 2.899E-01 -2.679E-01 -1.192E+00 8.007E-01 -7.778E-01 -8.526E-02 2.856E-01 -2.709E-01 0 1 2 8 9 10
20210410:120000 523 73 15 49 6 -1.011E+00 6.397E-01 -6.223E-01 -2.988E-01 1.613E-01 -2.306E-01 -1.005E+00 6.372E-01 -6.177E-01 -2.953E-01 1.608E-01 -2.281E-01 0 1 2 8 9 10
