20210314:030000 523 73 14 65 6 7.551E-01 -5.091E-01 4.697E-01 7.417E-02 1.642E-01 -1.821E-03 7.639E-01 -5.201E-01 4.790E-01 7.711E-02 1.623E-01 5.804E-04 0 1 2 8 9 10
20210314:120000 523 73 14 63 6 5.332E-01 -3.871E-01 3.354E-01 1.999E-01 7.053E-03 1.863E-01 5.304E-01 -3.838E-01 3.325E-01 2.018E-01 9.360E-03 1.884E-01 0 1 2 8 9 10
20210315:030000 523 73 14 91 6 7.511E-01 -5.032E-01 4.645E-01 6.949E-02 1.603E-01 -5.624E-03 7.551E-01 -5.091E-01 4.697E-01 7.417E-02 1.642E-01 -1.821E-03 0 1 2 8 9 10
20210315:120000 523 73 14 59 6 5.311E-01 -3.856E-01 3.343E-01 1.969E-01 2.725E-03 1.817E-01 5.332E-01 -3.871E-01 3.354E-01 1.999E-01 7.053E-03 1.863E-01 0 1 2 8 9 10
20210316:030000 523 73 14 90 6 7.493E-01 -4.992E-01 4.614E-01 6.677E-02 1.624E-01 -9.664E-03 7.511E-01 -5.032E-01 4.645E-01 6.949E-02 1.603E-01 -5.624E-03 0 1 2 8 9 10
20210316:120000 523 73 14 42 6 5.287E-01 -3.835E-01 3.325E-01 1.939E-01 3.313E-04 1.788E-01 5.311E-01 -3.856E-01 3.343E-01 1.969E-01 2.725E-03 1.817E-01 0 1 2 8 9 10
20210317:030000 523 73 14 54 6 7.462E-01 -4.968E-01 4.593E-01 6.491E-02 1.622E-01 -1.190E-02 7.493E-01 -4.992E-01 4.614E-01 6.677E-02 1.624E-01 -9.664E-03 0 1 2 8 9 10
20210317:120000 523 73 14 18 6 5.275E-01 -3.821E-01 3.314E-01 1.925E-01 -8.889E-04 1.774E-01 5.287E-01 -3.835E-01 3.325E-01 1.939E-01 3.313E-04 1.788E-01 0 1 2 8 9 10
20210318:030000 523 73 14 59 6 7.440E-01 -4.936E-01 4.567E-01 5.898E-02 1.539E-01 -1.940E-02 7.462E-01 -4.968E-01 4.593E-01 6.491E-02 1.622E-01 -1.190E-02 0 1 2 8 9 10
20210318:120000 523 73 14 48 6 5.237E-01 -3.779E-01 3.281E-01 1.876E-01 -5.518E-03 1.710E-01 5.275E-01 -3.821E-01 3.314E-01 1.925E-01 -8.889E-04 1.774E-01 0 1 2 8 9 10
20210319:030000 523 73 14 72 6 7.456E-01 -4.914E-01 4.547E-01 5.128E-02 1.486E-01 -2.516E-02 7.440E-01 -4.936E-01 4.567E-01 5.898E-02 1.539E-01 -1.940E-02 0 1 2 8 9 10
20210319:120000 523 73 14 75 6 5.325E-01 -3.821E-01 3.309E-01 1.912E-01 -5.944E-03 1.737E-01 5.237E-01 -3.779E-01 3.281E-01 1.876E-01 -5.518E-03 1.710E-01 0 1 2 8 9 10
20210320:030000 523 73 14 71 6 7.552E-01 -4.957E-01 4.579E-01 4.448E-02 1.434E-01 -3.013E-02 7.456E-01 -4.914E-01 4.547E-01 5.128E-02 1.486E-01 -2.516E-02 0 1 2 8 9 10
20210320:120000 523 73 14 72 6 5.393E-01 -3.863E-01 3.344E-01 1.957E-01 -3.554E-03 1.789E-01 5.325E-01 -3.821E-01 3.309E-01 1.912E-01 -5.944E-03 1.737E-01 0 1 2 8 9 10
20210321:030000 523 73 14 79 6 7.651E-01 -5.014E-01 4.626E-01 3.683E-02 1.442E-01 -3.711E-02 7.552E-01 -4.957E-01 4.579E-01 4.448E-02 1.434E-01 -3.013E-02 0 1 2 8 9 10
20210321:120000 523 73 14 46 6 5.389E-01 -3.862E-01 3.343E-01 1.945E-01 -5.382E-03 1.772E-01 5.393E-01 -3.863E-01 3.344E-01 1.957E-01 -3.554E-03 1.789E-01 0 1 2 8 9 10
20210322:030000 523 73 14 65 6 7.727E-01 -5.048E-01 4.647E-01 4.489E-02 1.508E-01 -2.882E-02 7.651E-01 -5.014E-01 4.626E-01 3.683E-02 1.442E-01 -3.711E-02 0 1 2 8 9 10
20210322:120000 523 73 14 36 6 5.412E-01 -3.874E-01 3.349E-01 1.981E-01 -1.465E-04 1.830E-01 5.389E-01 -3.862E-01 3.343E-01 1.945E-01 -5.382E-03 1.772E-01 0 1 2 8 9 10
20210323:030000 523 73 14 49 6 7.790E-01 -5.074E-01 4.665E-01 4.929E-02 1.507E-01 -2.604E-02 7.727E-01 -5.048E-01 4.647E-01 4.489E-02 1.508E-01 -2.882E-02 0 1 2 8 9 10
20210323:120000 523 73 14 19 6 5.395E-01 -3.861E-01 3.340E-01 1.954E-01 -3.956E-03 1.788E-01 5.412E-01 -3.874E-01 3.349E-01 1.981E-01 -1.465E-04 1.830E-01 0 1 2 8 9 10
20210324:030000 523 73 14 70 6 7.865E-01 -5.103E-01 4.691E-01 5.525E-02 1.500E-01 -2.263E-02 7.790E-01 -5.074E-01 4.665E-01 4.929E-02 1.507E-01 -2.604E-02 0 1 2 8 9 10
20210324:120000 523 73 14 93 6 5.539E-01 -3.927E-01 3.398E-01 1.882E-01 -1.194E-02 1.733E-01 5.395E-01 -3.861E-01 3.340E-01 1.954E-01 -3.956E-03 1.788E-01 0 1 2 8 9 10
20210325:030000 523 73 14 85 6 7.859E-01 -5.075E-01 4.656E-01 6.300E-02 1.512E-01 -1.669E-02 7.865E-01 -5.103E-01 4.691E-01 5.525E-02 1.500E-01 -2.263E-02 0 1 2 8 9 10
20210325:120000 523 73 14 77 6 5.586E-01 -3.955E-01 3.424E-01 1.861E-01 -1.665E-02 1.706E-01 5.539E-01 -3.927E-01 3.398E-01 1.882E-01 -1.194E-02 1.733E-01 0 1 2 8 9 10
20210326:030000 523 73 14 97 6 7.863E-01 -5.063E-01 4.641E-01 6.311E-02 1.497E-01 -1.641E-02 7.859E-01 -5.075E-01 4.656E-01 6.300E-02 1.512E-01 -1.669E-02 0 1 2 8 9 10
20210326:120000 523 73 14 70 6 5.588E-01 -3.952E-01 3.418E-01 1.809E-01 -2.816E-02 1.610E-01 5.586E-01 -3.955E-01 3.424E-01 1.861E-01 -1.665E-02 1.706E-01 0 1 2 8 9 10
20210327:030000 523 73 14 94 6 7.822E-01 -5.002E-01 4.582E-01 6.636E-02 1.491E-01 -1.661E-02 7.863E-01 -5.063E-01 4.641E-01 6.311E-02 1.497E-01 -1.641E-02 0 1 2 8 9 10
20210327:120000 523 73 14 52 6 5.546E-01 -3.901E-01 3.368E-01 1.754E-01 -3.422E-02 1.539E-01 5.588E-01 -3.952E-01 3.418E-01 1.809E-01 -2.816E-02 1.610E-01 0 1 2 8 9 10
20210328:030000 523 73 14 53 6 7.792E-01 -4.977E-01 4.551E-01 6.528E-02 1.489E-01 -1.880E-02 7.822E-01 -5.002E-01 4.582E-01 6.636E-02 1.491E-01 -1.661E-02 0 1 2 8 9 10
20210328:120000 523 73 14 26 6 5.548E-01 -3.900E-01 3.368E-01 1.757E-01 -3.356E-02 1.548E-01 5.546E-01 -3.901E-01 3.368E-01 1.754E-01 -3.422E-02 1.539E-01 0 1 2 8 9 10
20210329:030000 523 73 14 71 6 7.845E-01 -4.985E-01 4.565E-01 6.995E-02 1.508E-01 -1.396E-02 7.792E-01 -4.977E-01 4.551E-01 6.528E-02 1.489E-01 -1.880E-02 0 1 2 8 9 10
20210329:120000 523 73 14 84 6 5.700E-01 -3.931E-01 3.427E-01 1.792E-01 -3.015E-02 1.612E-01 5.548E-01 -3.900E-01 3.368E-01 1.757E-01 -3.356E-02 1.548E-01 0 1 2 8 9 10
20210330:030000 523 73 14 79 6 7.980E-01 -5.014E-01 4.625E-01 7.346E-02 1.487E-01 -9.367E-03 7.845E-01 -4.985E-01 4.565E-01 6.995E-02 1.508E-01 -1.396E-02 0 1 2 8 9 10
20210330:120000 523 73 14 67 6 5.799E-01 -3.945E-01 3.456E-01 1.747E-01 -3.995E-02 1.580E-01 5.700E-01 -3.931E-01 3.427E-01 1.792E-01 -3.015E-02 1.612E-01 0 1 2 8 9 10
20210331:030000 523 73 14 82 6 8.041E-01 -5.016E-01 4.633E-01 8.237E-02 1.483E-01 1.578E-03 7.980E-01 -5.014E-01 4.625E-01 7.346E-02 1.487E-01 -9.367E-03 0 1 2 8 9 10
20210331:120000 523 73 14 69 6 5.880E-01 -3.961E-01 3.494E-01 1.794E-01 -3.755E-02 1.628E-01 5.799E-01 -3.945E-01 3.456E-01 1.747E-01 -3.995E-02 1.580E-01 0 1 2 8 9 10
20210401:030000 523 73 14 101 6 8.046E-01 -4.980E-01 4.606E-01 8.130E-02 1.556E-01 7.798E-04 8.041E-01 -5.016E-01 4.633E-01 8.237E-02 1.483E-01 1.578E-03 0 1 2 8 9 10
20210401:120000 523 73 14 52 6 5.922E-01 -3.973E-01 3.520E-01 1.844E-01 -3.231E-02 1.691E-01 5.880E-01 -3.961E-01 3.494E-01 1.794E-01 -3.755E-02 1.628E-01 0 1 2 8 9 10
20210402:030000 523 73 14 54 6 8.117E-01 -5.002E-01 4.641E-01 8.552E-02 1.555E-01 4.319E-03 8.046E-01 -4.980E-01 4.606E-01 8.130E-02 1.556E-01 7.798E-04 0 1 2 8 9 10
20210402:120000 523 73 14 33 6 5.909E-01 -3.963E-01 3.508E-01 1.831E-01 -3.323E-02 1.678E-01 5.922E-01 -3.973E-01 3.520E-01 1.844E-01 -3.231E-02 1.691E-01 0 1 2 8 9 10
20210403:030000 523 73 14 70 6 8.143E-01 -4.988E-01 4.633E-01 7.926E-02 1.424E-01 -4.705E-03 8.117E-01 -5.002E-01 4.641E-01 8.552E-02 1.555E-01 4.319E-03 0 1 2 8 9 10
20210403:120000 523 73 14 96 6 6.041E-01 -4.033E-01 3.589E-01 1.803E-01 -3.604E-02 1.621E-01 5.909E-01 -3.963E-01 3.508E-01 1.831E-01 -3.323E-02 1.678E-01 0 1 2 8 9 10
20210404:030000 523 73 14 64 6 8.175E-01 -4.992E-01 4.644E-01 7.373E-02 1.313E-01 -1.212E-02 8.143E-01 -4.988E-01 4.633E-01 7.926E-02 1.424E-01 -4.705E-03 0 1 2 8 9 10
20210404:120000 523 73 14 84 6 6.086E-01 -4.052E-01 3.613E-01 1.794E-01 -3.786E-02 1.608E-01 6.041E-01 -4.033E-01 3.589E-01 1.803E-01 -3.604E-02 1.621E-01 0 1 2 8 9 10
20210405:030000 523 73 14 60 6 8.158E-01 -4.949E-01 4.600E-01 7.019E-02 1.328E-01 -1.489E-02 8.175E-01 -4.992E-01 4.644E-01 7.373E-02 1.313E-01 -1.212E-02 0 1 2 8 9 10
20210405:120000 523 73 14 57 6 6.021E-01 -3.978E-01 3.537E-01 1.783E-01 -3.314E-02 1.618E-01 6.086E-01 -4.052E-01 3.613E-01 1.794E-01 -3.786E-02 1.608E-01 0 1 2 8 9 10
20210406:030000 523 73 14 68 6 8.135E-01 -4.862E-01 4.549E-01 6.854E-02 1.329E-01 -1.739E-02 8.158E-01 -4.949E-01 4.600E-01 7.019E-02 1.328E-01 -1.489E-02 0 1 2 8 9 10
20210406:120000 523 73 14 33 6 5.977E-01 -3.910E-01 3.482E-01 1.746E-01 -3.496E-02 1.584E-01 6.021E-01 -3.978E-01 3.537E-01 1.783E-01 -3.314E-02 1.618E-01 0 1 2 8 9 10
20210407:030000 523 73 14 36 6 8.102E-01 -4.821E-01 4.525E-01 6.496E-02 1.299E-01 -2.151E-02 8.135E-01 -4.862E-01 4.549E-01 6.854E-02 1.329E-01 -1.739E-02 0 1 2 8 9 10
20210407:120000 523 73 14 17 6 5.955E-01 -3.879E-01 3.460E-01 1.722E-01 -3.705E-02 1.556E-01 5.977E-01 -3.910E-01 3.482E-01 1.746E-01 -3.496E-02 1.584E-01 0 1 2 8 9 10
20210408:030000 523 73 14 37 6 8.083E-01 -4.797E-01 4.512E-01 6.375E-02 1.295E-01 -2.283E-02 8.102E-01 -4.821E-01 4.525E-01 6.496E-02 1.299E-01 -2.151E-02 0 1 2 8 9 10
20210408:120000 523 73 14 43 6 5.972E-01 -3.889E-01 3.469E-01 1.676E-01 -4.174E-02 1.498E-01 5.955E-01 -3.879E-01 3.460E-01 1.722E-01 -3.705E-02 1.556E-01 0 1 2 8 9 10
20210409:030000 523 73 14 50 6 8.048E-01 -4.759E-01 4.482E-01 6.202E-02 1.300E-01 -2.384E-02 8.083E-01 -4.797E-01 4.512E-01 6.375E-02 1.295E-01 -2.283E-02 0 1 2 8 9 10
20210409:120000 523 73 14 78 6 5.951E-01 -3.852E-01 3.441E-01 1.663E-01 -3.870E-02 1.489E-01 5.972E-01 -3.889E-01 3.469E-01 1.676E-01 -4.174E-02 1.498E-01 0 1 2 8 9 10
20210410:030000 523 73 14 43 6 7.996E-01 -4.720E-01 4.432E-01 6.613E-02 1.320E-01 -2.017E-02 8.048E-01 -4.759E-01 4.482E-01 6.202E-02 1.300E-01 -2.384E-02 0 1 2 8 9 10
20210410:120000 523 73 14 50 6 5.941E-01 -3.830E-01 3.423E-01 1.635E-01 -4.175E-02 1.458E-01 5.951E-01 -3.852E-01 3.441E-01 1.663E-01 -3.870E-02 1.489E-01 0 1 2 8 9 10
