20210314:060000 223 3 6 73 5 -2.633E-01 -2.665E-03 -2.315E-02 -9.872E-02 -5.203E-02 -2.625E-01 -3.547E-03 -2.374E-02 -9.816E-02 -5.239E-02 0 1 8 9 10
20210315:060000 223 3 6 64 5 -2.636E-01 -2.598E-03 -2.366E-02 -9.909E-02 -5.248E-02 -2.633E-01 -2.665E-03 -2.315E-02 -9.872E-02 -5.203E-02 0 1 8 9 10
20210316:060000 223 3 6 54 5 -2.634E-01 -2.879E-03 -2.388E-02 -9.930E-02 -5.269E-02 -2.636E-01 -2.598E-03 -2.366E-02 -9.909E-02 -5.248E-02 0 1 8 9 10
20210317:060000 223 3 6 45 5 -2.642E-01 -2.038E-03 -2.431E-02 -9.937E-02 -5.300E-02 -2.634E-01 -2.879E-03 -2.388E-02 -9.930E-02 -5.269E-02 0 1 8 9 10
20210318:060000 223 3 6 28 5 -2.641E-01 -2.231E-03 -2.437E-02 -9.962E-02 -5.308E-02 -2.642E-01 -2.038E-03 -2.431E-02 -9.937E-02 -5.300E-02 0 1 8 9 10
20210319:060000 223 3 6 13 5 -2.642E-01 -2.234E-03 -2.458E-02 -9.990E-02 -5.327E-02 -2.641E-01 -2.231E-03 -2.437E-02 -9.962E-02 -5.308E-02 0 1 8 9 10
20210320:060000 223 3 6 15 5 -2.647E-01 -1.758E-03 -2.491E-02 -9.982E-02 -5.340E-02 -2.642E-01 -2.234E-03 -2.458E-02 -9.990E-02 -5.327E-02 0 1 8 9 10
20210321:060000 223 3 6 65 5 -2.654E-01 -1.174E-03 -2.457E-02 -9.948E-02 -5.326E-02 -2.647E-01 -1.758E-03 -2.491E-02 -9.982E-02 -5.340E-02 0 1 8 9 10
20210322:060000 223 3 6 92 5 -2.658E-01 -9.039E-04 -2.392E-02 -9.939E-02 -5.300E-02 -2.654E-01 -1.174E-03 -2.457E-02 -9.948E-02 -5.326E-02 0 1 8 9 10
20210323:060000 223 3 6 121 5 -2.666E-01 -4.673E-04 -2.369E-02 -9.973E-02 -5.280E-02 -2.658E-01 -9.039E-04 -2.392E-02 -9.939E-02 -5.300E-02 0 1 8 9 10
20210324:060000 223 3 6 86 5 -2.682E-01 7.970E-04 -2.494E-02 -1.001E-01 -5.378E-02 -2.666E-01 -4.673E-04 -2.369E-02 -9.973E-02 -5.280E-02 0 1 8 9 10
20210325:060000 223 3 6 60 5 -2.697E-01 2.088E-03 -2.524E-02 -1.003E-01 -5.424E-02 -2.682E-01 7.970E-04 -2.494E-02 -1.001E-01 -5.378E-02 0 1 8 9 10
20210326:060000 223 3 6 34 5 -2.702E-01 2.416E-03 -2.512E-02 -1.001E-01 -5.426E-02 -2.697E-01 2.088E-03 -2.524E-02 -1.003E-01 -5.424E-02 0 1 8 9 10
20210327:060000 223 3 6 27 5 -2.700E-01 2.329E-03 -2.530E-02 -1.005E-01 -5.445E-02 -2.702E-01 2.416E-03 -2.512E-02 -1.001E-01 -5.426E-02 0 1 8 9 10
20210328:060000 223 3 6 14 5 -2.702E-01 2.560E-03 -2.537E-02 -1.003E-01 -5.440E-02 -2.700E-01 2.329E-03 -2.530E-02 -1.005E-01 -5.445E-02 0 1 8 9 10
20210329:060000 223 3 6 7 5 -2.705E-01 2.651E-03 -2.562E-02 -1.004E-01 -5.457E-02 -2.702E-01 2.560E-03 -2.537E-02 -1.003E-01 -5.440E-02 0 1 8 9 10
20210330:060000 223 3 6 115 5 -2.720E-01 3.037E-03 -2.528E-02 -9.971E-02 -5.449E-02 -2.705E-01 2.651E-03 -2.562E-02 -1.004E-01 -5.457E-02 0 1 8 9 10
20210331:060000 223 3 6 132 5 -2.737E-01 3.641E-03 -2.549E-02 -1.002E-01 -5.453E-02 -2.720E-01 3.037E-03 -2.528E-02 -9.971E-02 -5.449E-02 0 1 8 9 10
20210401:060000 223 3 6 98 5 -2.756E-01 4.507E-03 -2.619E-02 -1.006E-01 -5.504E-02 -2.737E-01 3.641E-03 -2.549E-02 -1.002E-01 -5.453E-02 0 1 8 9 10
20210402:060000 223 3 6 68 5 -2.776E-01 5.489E-03 -2.638E-02 -1.006E-01 -5.527E-02 -2.756E-01 4.507E-03 -2.619E-02 -1.006E-01 -5.504E-02 0 1 8 9 10
20210403:060000 223 3 6 40 5 -2.783E-01 5.911E-03 -2.628E-02 -1.005E-01 -5.525E-02 -2.776E-01 5.489E-03 -2.638E-02 -1.006E-01 -5.527E-02 0 1 8 9 10
20210404:060000 223 3 6 24 5 -2.785E-01 5.997E-03 -2.645E-02 -1.005E-01 -5.529E-02 -2.783E-01 5.911E-03 -2.628E-02 -1.005E-01 -5.525E-02 0 1 8 9 10
20210405:060000 223 3 6 13 5 -2.788E-01 6.153E-03 -2.681E-02 -1.007E-01 -5.563E-02 -2.785E-01 5.997E-03 -2.645E-02 -1.005E-01 -5.529E-02 0 1 8 9 10
20210406:060000 223 3 6 8 5 -2.788E-01 6.084E-03 -2.678E-02 -1.007E-01 -5.563E-02 -2.788E-01 6.153E-03 -2.681E-02 -1.007E-01 -5.563E-02 0 1 8 9 10
20210407:060000 223 3 6 24 5 -2.790E-01 6.344E-03 -2.697E-02 -1.008E-01 -5.577E-02 -2.788E-01 6.084E-03 -2.678E-02 -1.007E-01 -5.563E-02 0 1 8 9 10
20210408:060000 223 3 6 71 5 -2.797E-01 6.723E-03 -2.761E-02 -1.004E-01 -5.617E-02 -2.790E-01 6.344E-03 -2.697E-02 -1.008E-01 -5.577E-02 0 1 8 9 10
20210409:060000 223 3 6 61 5 -2.812E-01 8.138E-03 -2.819E-02 -9.990E-02 -5.619E-02 -2.797E-01 6.723E-03 -2.761E-02 -1.004E-01 -5.617E-02 0 1 8 9 10
20210410:060000 223 3 6 72 5 -2.837E-01 1.096E-02 -2.862E-02 -9.933E-02 -5.634E-02 -2.812E-01 8.138E-03 -2.819E-02 -9.990E-02 -5.619E-02 0 1 8 9 10
