20210314:120000 523 73 14 63 6 5.332E-01 -3.871E-01 3.354E-01 1.999E-01 7.053E-03 1.863E-01 5.304E-01 -3.838E-01 3.325E-01 2.018E-01 9.360E-03 1.884E-01 0 1 2 8 9 10
20210315:120000 523 73 14 59 6 5.311E-01 -3.856E-01 3.343E-01 1.969E-01 2.725E-03 1.817E-01 5.332E-01 -3.871E-01 3.354E-01 1.999E-01 7.053E-03 1.863E-01 0 1 2 8 9 10
20210316:120000 523 73 14 42 6 5.287E-01 -3.835E-01 3.325E-01 1.939E-01 3.313E-04 1.788E-01 5.311E-01 -3.856E-01 3.343E-01 1.969E-01 2.725E-03 1.817E-01 0 1 2 8 9 10
20210317:120000 523 73 14 18 6 5.275E-01 -3.821E-01 3.314E-01 1.925E-01 -8.889E-04 1.774E-01 5.287E-01 -3.835E-01 3.325E-01 1.939E-01 3.313E-04 1.788E-01 0 1 2 8 9 10
20210318:120000 523 73 14 48 6 5.237E-01 -3.779E-01 3.281E-01 1.876E-01 -5.518E-03 1.710E-01 5.275E-01 -3.821E-01 3.314E-01 1.925E-01 -8.889E-04 1.774E-01 0 1 2 8 9 10
20210319:120000 523 73 14 75 6 5.325E-01 -3.821E-01 3.309E-01 1.912E-01 -5.944E-03 1.737E-01 5.237E-01 -3.779E-01 3.281E-01 1.876E-01 -5.518E-03 1.710E-01 0 1 2 8 9 10
20210320:120000 523 73 14 72 6 5.393E-01 -3.863E-01 3.344E-01 1.957E-01 -3.554E-03 1.789E-01 5.325E-01 -3.821E-01 3.309E-01 1.912E-01 -5.944E-03 1.737E-01 0 1 2 8 9 10
20210321:120000 523 73 14 46 6 5.389E-01 -3.862E-01 3.343E-01 1.945E-01 -5.382E-03 1.772E-01 5.393E-01 -3.863E-01 3.344E-01 1.957E-01 -3.554E-03 1.789E-01 0 1 2 8 9 10
20210322:120000 523 73 14 36 6 5.412E-01 -3.874E-01 3.349E-01 1.981E-01 -1.465E-04 1.830E-01 5.389E-01 -3.862E-01 3.343E-01 1.945E-01 -5.382E-03 1.772E-01 0 1 2 8 9 10
20210323:120000 523 73 14 19 6 5.395E-01 -3.861E-01 3.340E-01 1.954E-01 -3.956E-03 1.788E-01 5.412E-01 -3.874E-01 3.349E-01 1.981E-01 -1.465E-04 1.830E-01 0 1 2 8 9 10
20210324:120000 523 73 14 93 6 5.539E-01 -3.927E-01 3.398E-01 1.882E-01 -1.194E-02 1.733E-01 5.395E-01 -3.861E-01 3.340E-01 1.954E-01 -3.956E-03 1.788E-01 0 1 2 8 9 10
20210325:120000 523 73 14 77 6 5.586E-01 -3.955E-01 3.424E-01 1.861E-01 -1.665E-02 1.706E-01 5.539E-01 -3.927E-01 3.398E-01 1.882E-01 -1.194E-02 1.733E-01 0 1 2 8 9 10
20210326:120000 523 73 14 70 6 5.588E-01 -3.952E-01 3.418E-01 1.809E-01 -2.816E-02 1.610E-01 5.586E-01 -3.955E-01 3.424E-01 1.861E-01 -1.665E-02 1.706E-01 0 1 2 8 9 10
20210327:120000 523 73 14 52 6 5.546E-01 -3.901E-01 3.368E-01 1.754E-01 -3.422E-02 1.539E-01 5.588E-01 -3.952E-01 3.418E-01 1.809E-01 -2.816E-02 1.610E-01 0 1 2 8 9 10
20210328:120000 523 73 14 26 6 5.548E-01 -3.900E-01 3.368E-01 1.757E-01 -3.356E-02 1.548E-01 5.546E-01 -3.901E-01 3.368E-01 1.754E-01 -3.422E-02 1.539E-01 0 1 2 8 9 10
20210329:120000 523 73 14 84 6 5.700E-01 -3.931E-01 3.427E-01 1.792E-01 -3.015E-02 1.612E-01 5.548E-01 -3.900E-01 3.368E-01 1.757E-01 -3.356E-02 1.548E-01 0 1 2 8 9 10
20210330:120000 523 73 14 67 6 5.799E-01 -3.945E-01 3.456E-01 1.747E-01 -3.995E-02 1.580E-01 5.700E-01 -3.931E-01 3.427E-01 1.792E-01 -3.015E-02 1.612E-01 0 1 2 8 9 10
20210331:120000 523 73 14 69 6 5.880E-01 -3.961E-01 3.494E-01 1.794E-01 -3.755E-02 1.628E-01 5.799E-01 -3.945E-01 3.456E-01 1.747E-01 -3.995E-02 1.580E-01 0 1 2 8 9 10
20210401:120000 523 73 14 52 6 5.922E-01 -3.973E-01 3.520E-01 1.844E-01 -3.231E-02 1.691E-01 5.880E-01 -3.961E-01 3.494E-01 1.794E-01 -3.755E-02 1.628E-01 0 1 2 8 9 10
20210402:120000 523 73 14 33 6 5.909E-01 -3.963E-01 3.508E-01 1.831E-01 -3.323E-02 1.678E-01 5.922E-01 -3.973E-01 3.520E-01 1.844E-01 -3.231E-02 1.691E-01 0 1 2 8 9 10
20210403:120000 523 73 14 96 6 6.041E-01 -4.033E-01 3.589E-01 1.803E-01 -3.604E-02 1.621E-01 5.909E-01 -3.963E-01 3.508E-01 1.831E-01 -3.323E-02 1.678E-01 0 1 2 8 9 10
20210404:120000 523 73 14 84 6 6.086E-01 -4.052E-01 3.613E-01 1.794E-01 -3.786E-02 1.608E-01 6.041E-01 -4.033E-01 3.589E-01 1.803E-01 -3.604E-02 1.621E-01 0 1 2 8 9 10
20210405:120000 523 73 14 57 6 6.021E-01 -3.978E-01 3.537E-01 1.783E-01 -3.314E-02 1.618E-01 6.086E-01 -4.052E-01 3.613E-01 1.794E-01 -3.786E-02 1.608E-01 0 1 2 8 9 10
20210406:120000 523 73 14 33 6 5.977E-01 -3.910E-01 3.482E-01 1.746E-01 -3.496E-02 1.584E-01 6.021E-01 -3.978E-01 3.537E-01 1.783E-01 -3.314E-02 1.618E-01 0 1 2 8 9 10
20210407:120000 523 73 14 17 6 5.955E-01 -3.879E-01 3.460E-01 1.722E-01 -3.705E-02 1.556E-01 5.977E-01 -3.910E-01 3.482E-01 1.746E-01 -3.496E-02 1.584E-01 0 1 2 8 9 10
20210408:120000 523 73 14 43 6 5.972E-01 -3.889E-01 3.469E-01 1.676E-01 -4.174E-02 1.498E-01 5.955E-01 -3.879E-01 3.460E-01 1.722E-01 -3.705E-02 1.556E-01 0 1 2 8 9 10
20210409:120000 523 73 14 78 6 5.951E-01 -3.852E-01 3.441E-01 1.663E-01 -3.870E-02 1.489E-01 5.972E-01 -3.889E-01 3.469E-01 1.676E-01 -4.174E-02 1.498E-01 0 1 2 8 9 10
20210410:120000 523 73 14 50 6 5.941E-01 -3.830E-01 3.423E-01 1.635E-01 -4.175E-02 1.458E-01 5.951E-01 -3.852E-01 3.441E-01 1.663E-01 -3.870E-02 1.489E-01 0 1 2 8 9 10
