20210314:060000 223 15 5 385 5 -5.861E-01 1.554E-01 -3.044E-04 -3.858E-02 1.362E-02 -5.899E-01 1.550E-01 -1.745E-02 -1.249E-02 5.798E-03 0 1 8 9 10
20210315:060000 223 15 5 368 5 -5.640E-01 1.385E-01 1.123E-02 -3.450E-02 1.927E-02 -5.861E-01 1.554E-01 -3.044E-04 -3.858E-02 1.362E-02 0 1 8 9 10
20210316:060000 223 15 5 342 5 -5.787E-01 1.462E-01 -4.592E-03 -4.412E-02 7.560E-03 -5.640E-01 1.385E-01 1.123E-02 -3.450E-02 1.927E-02 0 1 8 9 10
20210317:060000 223 15 5 281 5 -5.787E-01 1.451E-01 -1.131E-02 -4.838E-02 3.152E-03 -5.787E-01 1.462E-01 -4.592E-03 -4.412E-02 7.560E-03 0 1 8 9 10
20210318:060000 223 15 5 225 5 -5.821E-01 1.453E-01 -1.853E-02 -5.817E-02 -5.509E-03 -5.787E-01 1.451E-01 -1.131E-02 -4.838E-02 3.152E-03 0 1 8 9 10
20210319:060000 223 15 5 158 5 -5.782E-01 1.418E-01 -1.542E-02 -5.675E-02 -2.731E-03 -5.821E-01 1.453E-01 -1.853E-02 -5.817E-02 -5.509E-03 0 1 8 9 10
20210320:060000 223 15 5 104 5 -5.727E-01 1.369E-01 -1.006E-02 -5.400E-02 1.505E-03 -5.782E-01 1.418E-01 -1.542E-02 -5.675E-02 -2.731E-03 0 1 8 9 10
20210321:060000 223 15 5 211 5 -5.746E-01 1.395E-01 -1.032E-02 -5.464E-02 -1.506E-03 -5.727E-01 1.369E-01 -1.006E-02 -5.400E-02 1.505E-03 0 1 8 9 10
20210322:060000 223 15 5 347 5 -5.343E-01 1.200E-01 -3.393E-02 -8.961E-02 -1.867E-02 -5.746E-01 1.395E-01 -1.032E-02 -5.464E-02 -1.506E-03 0 1 8 9 10
20210323:060000 223 15 5 353 5 -5.066E-01 1.056E-01 -4.009E-02 -9.870E-02 -2.735E-02 -5.343E-01 1.200E-01 -3.393E-02 -8.961E-02 -1.867E-02 0 1 8 9 10
20210324:060000 223 15 5 323 5 -4.832E-01 9.281E-02 -4.662E-02 -1.101E-01 -3.395E-02 -5.066E-01 1.056E-01 -4.009E-02 -9.870E-02 -2.735E-02 0 1 8 9 10
20210325:060000 223 15 5 312 5 -4.582E-01 7.497E-02 -3.985E-02 -1.145E-01 -2.956E-02 -4.832E-01 9.281E-02 -4.662E-02 -1.101E-01 -3.395E-02 0 1 8 9 10
20210326:060000 223 15 5 258 5 -4.512E-01 6.918E-02 -3.939E-02 -1.194E-01 -2.890E-02 -4.582E-01 7.497E-02 -3.985E-02 -1.145E-01 -2.956E-02 0 1 8 9 10
20210327:060000 223 15 5 211 5 -4.897E-01 1.033E-01 -6.488E-02 -1.158E-01 -4.172E-02 -4.512E-01 6.918E-02 -3.939E-02 -1.194E-01 -2.890E-02 0 1 8 9 10
20210328:060000 223 15 5 154 5 -4.971E-01 1.111E-01 -7.339E-02 -1.213E-01 -4.841E-02 -4.897E-01 1.033E-01 -6.488E-02 -1.158E-01 -4.172E-02 0 1 8 9 10
20210329:060000 223 15 5 106 5 -5.121E-01 1.176E-01 -8.469E-02 -1.193E-01 -5.201E-02 -4.971E-01 1.111E-01 -7.339E-02 -1.213E-01 -4.841E-02 0 1 8 9 10
20210330:060000 223 15 5 334 5 -5.231E-01 1.272E-01 -1.244E-01 -1.062E-01 -7.612E-02 -5.121E-01 1.176E-01 -8.469E-02 -1.193E-01 -5.201E-02 0 1 8 9 10
20210331:060000 223 15 5 333 5 -5.354E-01 1.329E-01 -1.325E-01 -1.041E-01 -7.620E-02 -5.231E-01 1.272E-01 -1.244E-01 -1.062E-01 -7.612E-02 0 1 8 9 10
20210401:060000 223 15 5 333 5 -5.553E-01 1.417E-01 -9.700E-02 -9.815E-02 -5.961E-02 -5.354E-01 1.329E-01 -1.325E-01 -1.041E-01 -7.620E-02 0 1 8 9 10
20210402:060000 223 15 5 267 5 -5.311E-01 1.307E-01 -8.154E-02 -1.027E-01 -5.126E-02 -5.553E-01 1.417E-01 -9.700E-02 -9.815E-02 -5.961E-02 0 1 8 9 10
20210403:060000 223 15 5 217 5 -5.217E-01 1.257E-01 -6.974E-02 -1.078E-01 -4.823E-02 -5.311E-01 1.307E-01 -8.154E-02 -1.027E-01 -5.126E-02 0 1 8 9 10
20210404:060000 223 15 5 176 5 -5.007E-01 1.121E-01 -6.717E-02 -1.245E-01 -5.000E-02 -5.217E-01 1.257E-01 -6.974E-02 -1.078E-01 -4.823E-02 0 1 8 9 10
20210405:060000 223 15 5 163 5 -5.691E-01 1.570E-01 -1.149E-01 -1.143E-01 -7.012E-02 -5.007E-01 1.121E-01 -6.717E-02 -1.245E-01 -5.000E-02 0 1 8 9 10
20210406:060000 223 15 5 106 5 -5.715E-01 1.541E-01 -1.155E-01 -1.114E-01 -6.849E-02 -5.691E-01 1.570E-01 -1.149E-01 -1.143E-01 -7.012E-02 0 1 8 9 10
20210407:060000 223 15 5 119 5 -5.704E-01 1.530E-01 -1.113E-01 -1.083E-01 -6.569E-02 -5.715E-01 1.541E-01 -1.155E-01 -1.114E-01 -6.849E-02 0 1 8 9 10
20210408:060000 223 15 5 385 5 -5.526E-01 1.427E-01 -1.298E-01 -1.130E-01 -7.709E-02 -5.704E-01 1.530E-01 -1.113E-01 -1.083E-01 -6.569E-02 0 1 8 9 10
20210409:060000 223 15 5 388 5 -5.660E-01 1.529E-01 -1.166E-01 -1.054E-01 -6.680E-02 -5.526E-01 1.427E-01 -1.298E-01 -1.130E-01 -7.709E-02 0 1 8 9 10
20210410:060000 223 15 5 361 5 -5.923E-01 1.595E-01 -1.084E-01 -9.930E-02 -5.932E-02 -5.660E-01 1.529E-01 -1.166E-01 -1.054E-01 -6.680E-02 0 1 8 9 10
