20210314:180000 223 3 9 307 5 -2.065E-02 1.879E-01 -3.137E-01 -1.293E-03 1.946E-01 -2.054E-02 1.880E-01 -3.143E-01 -1.631E-03 1.947E-01 0 1 8 9 10
20210315:180000 223 3 9 331 5 -2.100E-02 1.882E-01 -3.126E-01 -1.704E-03 1.950E-01 -2.065E-02 1.879E-01 -3.137E-01 -1.293E-03 1.946E-01 0 1 8 9 10
20210316:180000 223 3 9 362 5 -2.240E-02 1.898E-01 -3.100E-01 -2.197E-03 1.963E-01 -2.100E-02 1.882E-01 -3.126E-01 -1.704E-03 1.950E-01 0 1 8 9 10
20210317:180000 223 3 9 274 5 -2.166E-02 1.894E-01 -3.101E-01 -3.268E-03 1.958E-01 -2.240E-02 1.898E-01 -3.100E-01 -2.197E-03 1.963E-01 0 1 8 9 10
20210318:180000 223 3 9 224 5 -2.345E-02 1.906E-01 -3.116E-01 -3.023E-03 1.951E-01 -2.166E-02 1.894E-01 -3.101E-01 -3.268E-03 1.958E-01 0 1 8 9 10
20210319:180000 223 3 9 236 5 -2.502E-02 1.922E-01 -3.143E-01 -3.616E-03 1.935E-01 -2.345E-02 1.906E-01 -3.116E-01 -3.023E-03 1.951E-01 0 1 8 9 10
20210320:180000 223 3 9 276 5 -2.715E-02 1.938E-01 -3.178E-01 -3.740E-03 1.917E-01 -2.502E-02 1.922E-01 -3.143E-01 -3.616E-03 1.935E-01 0 1 8 9 10
20210321:180000 223 3 9 322 5 -2.787E-02 1.947E-01 -3.194E-01 -4.351E-03 1.906E-01 -2.715E-02 1.938E-01 -3.178E-01 -3.740E-03 1.917E-01 0 1 8 9 10
20210322:180000 223 3 9 356 5 -2.939E-02 1.958E-01 -3.188E-01 -2.828E-03 1.908E-01 -2.787E-02 1.947E-01 -3.194E-01 -4.351E-03 1.906E-01 0 1 8 9 10
20210323:180000 223 3 9 289 5 -3.083E-02 1.960E-01 -3.161E-01 -5.907E-03 1.929E-01 -2.939E-02 1.958E-01 -3.188E-01 -2.828E-03 1.908E-01 0 1 8 9 10
20210324:180000 223 3 9 293 5 -3.337E-02 1.973E-01 -3.096E-01 -6.667E-03 1.967E-01 -3.083E-02 1.960E-01 -3.161E-01 -5.907E-03 1.929E-01 0 1 8 9 10
20210325:180000 223 3 9 353 5 -3.616E-02 1.992E-01 -3.047E-01 -8.195E-03 2.000E-01 -3.337E-02 1.973E-01 -3.096E-01 -6.667E-03 1.967E-01 0 1 8 9 10
20210326:180000 223 3 9 293 5 -3.494E-02 1.978E-01 -3.051E-01 -9.839E-03 1.995E-01 -3.616E-02 1.992E-01 -3.047E-01 -8.195E-03 2.000E-01 0 1 8 9 10
20210327:180000 223 3 9 359 5 -3.480E-02 1.980E-01 -3.064E-01 -1.119E-02 1.983E-01 -3.494E-02 1.978E-01 -3.051E-01 -9.839E-03 1.995E-01 0 1 8 9 10
20210328:180000 223 3 9 281 5 -3.448E-02 1.981E-01 -3.072E-01 -1.176E-02 1.976E-01 -3.480E-02 1.980E-01 -3.064E-01 -1.119E-02 1.983E-01 0 1 8 9 10
20210329:180000 223 3 9 270 5 -3.600E-02 1.984E-01 -3.075E-01 -1.044E-02 1.978E-01 -3.448E-02 1.981E-01 -3.072E-01 -1.176E-02 1.976E-01 0 1 8 9 10
20210330:180000 223 3 9 277 5 -3.815E-02 1.988E-01 -3.090E-01 -8.577E-03 1.974E-01 -3.600E-02 1.984E-01 -3.075E-01 -1.044E-02 1.978E-01 0 1 8 9 10
20210331:180000 223 3 9 314 5 -4.043E-02 1.999E-01 -3.098E-01 -6.971E-03 1.967E-01 -3.815E-02 1.988E-01 -3.090E-01 -8.577E-03 1.974E-01 0 1 8 9 10
20210401:180000 223 3 9 347 5 -4.105E-02 1.999E-01 -3.090E-01 -6.730E-03 1.968E-01 -4.043E-02 1.999E-01 -3.098E-01 -6.971E-03 1.967E-01 0 1 8 9 10
20210402:180000 223 3 9 265 5 -4.128E-02 1.997E-01 -3.103E-01 -9.649E-03 1.962E-01 -4.105E-02 1.999E-01 -3.090E-01 -6.730E-03 1.968E-01 0 1 8 9 10
20210403:180000 223 3 9 233 5 -4.112E-02 1.997E-01 -3.119E-01 -1.170E-02 1.952E-01 -4.128E-02 1.997E-01 -3.103E-01 -9.649E-03 1.962E-01 0 1 8 9 10
20210404:180000 223 3 9 296 5 -4.112E-02 2.001E-01 -3.134E-01 -1.364E-02 1.939E-01 -4.112E-02 1.997E-01 -3.119E-01 -1.170E-02 1.952E-01 0 1 8 9 10
20210405:180000 223 3 9 325 5 -3.919E-02 1.980E-01 -3.145E-01 -1.527E-02 1.929E-01 -4.112E-02 2.001E-01 -3.134E-01 -1.364E-02 1.939E-01 0 1 8 9 10
20210406:180000 223 3 9 332 5 -3.716E-02 1.956E-01 -3.151E-01 -1.603E-02 1.920E-01 -3.919E-02 1.980E-01 -3.145E-01 -1.527E-02 1.929E-01 0 1 8 9 10
20210407:180000 223 3 9 283 5 -3.105E-02 1.887E-01 -3.161E-01 -1.757E-02 1.905E-01 -3.716E-02 1.956E-01 -3.151E-01 -1.603E-02 1.920E-01 0 1 8 9 10
20210408:180000 223 3 9 304 5 -2.832E-02 1.864E-01 -3.123E-01 -1.804E-02 1.927E-01 -3.105E-02 1.887E-01 -3.161E-01 -1.757E-02 1.905E-01 0 1 8 9 10
20210409:180000 223 3 9 303 5 -2.682E-02 1.851E-01 -3.117E-01 -1.775E-02 1.928E-01 -2.832E-02 1.864E-01 -3.123E-01 -1.804E-02 1.927E-01 0 1 8 9 10
20210410:180000 223 3 9 352 5 -2.442E-02 1.823E-01 -3.106E-01 -1.866E-02 1.932E-01 -2.682E-02 1.851E-01 -3.117E-01 -1.775E-02 1.928E-01 0 1 8 9 10
