20210314:090000 5 3 8 137 5 -9.349E-02 8.220E-02 -1.060E-01 -3.103E-02 -1.130E-01 -8.966E-02 7.740E-02 -1.062E-01 -3.357E-02 -1.128E-01 0 1 8 9 10
20210315:090000 5 3 8 111 5 -9.201E-02 8.065E-02 -1.064E-01 -3.266E-02 -1.134E-01 -9.349E-02 8.220E-02 -1.060E-01 -3.103E-02 -1.130E-01 0 1 8 9 10
20210316:090000 5 3 8 75 5 -9.090E-02 7.912E-02 -1.066E-01 -3.441E-02 -1.141E-01 -9.201E-02 8.065E-02 -1.064E-01 -3.266E-02 -1.134E-01 0 1 8 9 10
20210317:090000 5 3 8 154 5 -9.160E-02 8.064E-02 -1.069E-01 -3.595E-02 -1.150E-01 -9.090E-02 7.912E-02 -1.066E-01 -3.441E-02 -1.141E-01 0 1 8 9 10
20210318:090000 5 3 8 121 5 -9.080E-02 8.034E-02 -1.068E-01 -3.717E-02 -1.153E-01 -9.160E-02 8.064E-02 -1.069E-01 -3.595E-02 -1.150E-01 0 1 8 9 10
20210319:090000 5 3 8 139 5 -9.331E-02 8.268E-02 -1.068E-01 -3.569E-02 -1.156E-01 -9.080E-02 8.034E-02 -1.068E-01 -3.717E-02 -1.153E-01 0 1 8 9 10
20210320:090000 5 3 8 94 5 -9.280E-02 8.239E-02 -1.062E-01 -3.595E-02 -1.155E-01 -9.331E-02 8.268E-02 -1.068E-01 -3.569E-02 -1.156E-01 0 1 8 9 10
20210321:090000 5 3 8 80 5 -9.268E-02 8.237E-02 -1.062E-01 -3.611E-02 -1.156E-01 -9.280E-02 8.239E-02 -1.062E-01 -3.595E-02 -1.155E-01 0 1 8 9 10
20210322:090000 5 3 8 108 5 -9.286E-02 8.227E-02 -1.070E-01 -3.579E-02 -1.167E-01 -9.268E-02 8.237E-02 -1.062E-01 -3.611E-02 -1.156E-01 0 1 8 9 10
20210323:090000 5 3 8 63 5 -9.166E-02 8.147E-02 -1.077E-01 -3.504E-02 -1.178E-01 -9.286E-02 8.227E-02 -1.070E-01 -3.579E-02 -1.167E-01 0 1 8 9 10
20210324:090000 5 3 8 97 5 -9.288E-02 8.202E-02 -1.072E-01 -3.508E-02 -1.179E-01 -9.166E-02 8.147E-02 -1.077E-01 -3.504E-02 -1.178E-01 0 1 8 9 10
20210325:090000 5 3 8 114 5 -9.286E-02 8.193E-02 -1.077E-01 -3.627E-02 -1.187E-01 -9.288E-02 8.202E-02 -1.072E-01 -3.508E-02 -1.179E-01 0 1 8 9 10
20210326:090000 5 3 8 63 5 -9.089E-02 8.053E-02 -1.066E-01 -3.714E-02 -1.185E-01 -9.286E-02 8.193E-02 -1.077E-01 -3.627E-02 -1.187E-01 0 1 8 9 10
20210327:090000 5 3 8 175 5 -9.254E-02 8.242E-02 -1.085E-01 -3.429E-02 -1.209E-01 -9.089E-02 8.053E-02 -1.066E-01 -3.714E-02 -1.185E-01 0 1 8 9 10
20210328:090000 5 3 8 116 5 -9.437E-02 8.320E-02 -1.096E-01 -3.445E-02 -1.220E-01 -9.254E-02 8.242E-02 -1.085E-01 -3.429E-02 -1.209E-01 0 1 8 9 10
20210329:090000 5 3 8 101 5 -9.656E-02 8.388E-02 -1.076E-01 -3.309E-02 -1.211E-01 -9.437E-02 8.320E-02 -1.096E-01 -3.445E-02 -1.220E-01 0 1 8 9 10
20210330:090000 5 3 8 107 5 -9.433E-02 8.350E-02 -1.068E-01 -3.401E-02 -1.208E-01 -9.656E-02 8.388E-02 -1.076E-01 -3.309E-02 -1.211E-01 0 1 8 9 10
20210331:090000 5 3 8 38 5 -9.322E-02 8.331E-02 -1.062E-01 -3.459E-02 -1.208E-01 -9.433E-02 8.350E-02 -1.068E-01 -3.401E-02 -1.208E-01 0 1 8 9 10
20210401:090000 5 3 8 120 5 -9.363E-02 8.355E-02 -1.067E-01 -3.452E-02 -1.219E-01 -9.322E-02 8.331E-02 -1.062E-01 -3.459E-02 -1.208E-01 0 1 8 9 10
20210402:090000 5 3 8 86 5 -9.043E-02 8.223E-02 -1.088E-01 -3.464E-02 -1.244E-01 -9.363E-02 8.355E-02 -1.067E-01 -3.452E-02 -1.219E-01 0 1 8 9 10
20210403:090000 5 3 8 93 5 -9.186E-02 8.416E-02 -1.062E-01 -3.454E-02 -1.233E-01 -9.043E-02 8.223E-02 -1.088E-01 -3.464E-02 -1.244E-01 0 1 8 9 10
20210404:090000 5 3 8 66 5 -9.038E-02 8.330E-02 -1.057E-01 -3.575E-02 -1.236E-01 -9.186E-02 8.416E-02 -1.062E-01 -3.454E-02 -1.233E-01 0 1 8 9 10
20210405:090000 5 3 8 59 5 -9.284E-02 8.657E-02 -1.075E-01 -3.739E-02 -1.252E-01 -9.038E-02 8.330E-02 -1.057E-01 -3.575E-02 -1.236E-01 0 1 8 9 10
20210406:090000 5 3 8 160 5 -9.572E-02 9.077E-02 -1.093E-01 -3.941E-02 -1.270E-01 -9.284E-02 8.657E-02 -1.075E-01 -3.739E-02 -1.252E-01 0 1 8 9 10
20210407:090000 5 3 8 141 5 -9.662E-02 9.224E-02 -1.081E-01 -3.950E-02 -1.266E-01 -9.572E-02 9.077E-02 -1.093E-01 -3.941E-02 -1.270E-01 0 1 8 9 10
20210408:090000 5 3 8 112 5 -9.763E-02 9.378E-02 -1.066E-01 -4.016E-02 -1.264E-01 -9.662E-02 9.224E-02 -1.081E-01 -3.950E-02 -1.266E-01 0 1 8 9 10
20210409:090000 5 3 8 92 5 -9.468E-02 9.184E-02 -1.051E-01 -4.146E-02 -1.260E-01 -9.763E-02 9.378E-02 -1.066E-01 -4.016E-02 -1.264E-01 0 1 8 9 10
20210410:090000 5 3 8 117 5 -9.039E-02 8.825E-02 -1.060E-01 -4.270E-02 -1.279E-01 -9.468E-02 9.184E-02 -1.051E-01 -4.146E-02 -1.260E-01 0 1 8 9 10
