20210314:120000 523 73 15 60 6 -8.521E-01 5.474E-01 -5.169E-01 -2.956E-01 8.981E-02 -2.429E-01 -8.503E-01 5.452E-01 -5.150E-01 -2.980E-01 8.576E-02 -2.458E-01 0 1 2 8 9 10
20210315:120000 523 73 15 57 6 -8.579E-01 5.534E-01 -5.217E-01 -2.984E-01 8.544E-02 -2.480E-01 -8.521E-01 5.474E-01 -5.169E-01 -2.956E-01 8.981E-02 -2.429E-01 0 1 2 8 9 10
20210316:120000 523 73 15 39 6 -8.591E-01 5.543E-01 -5.226E-01 -2.996E-01 8.521E-02 -2.483E-01 -8.579E-01 5.534E-01 -5.217E-01 -2.984E-01 8.544E-02 -2.480E-01 0 1 2 8 9 10
20210317:120000 523 73 15 18 6 -8.586E-01 5.541E-01 -5.223E-01 -2.985E-01 8.745E-02 -2.458E-01 -8.591E-01 5.543E-01 -5.226E-01 -2.996E-01 8.521E-02 -2.483E-01 0 1 2 8 9 10
20210318:120000 523 73 15 47 6 -8.631E-01 5.577E-01 -5.253E-01 -2.958E-01 9.005E-02 -2.417E-01 -8.586E-01 5.541E-01 -5.223E-01 -2.985E-01 8.745E-02 -2.458E-01 0 1 2 8 9 10
20210319:120000 523 73 15 73 6 -8.706E-01 5.633E-01 -5.294E-01 -2.948E-01 9.598E-02 -2.403E-01 -8.631E-01 5.577E-01 -5.253E-01 -2.958E-01 9.005E-02 -2.417E-01 0 1 2 8 9 10
20210320:120000 523 73 15 69 6 -8.743E-01 5.652E-01 -5.310E-01 -2.941E-01 9.999E-02 -2.378E-01 -8.706E-01 5.633E-01 -5.294E-01 -2.948E-01 9.598E-02 -2.403E-01 0 1 2 8 9 10
20210321:120000 523 73 15 41 6 -8.784E-01 5.684E-01 -5.335E-01 -2.975E-01 9.901E-02 -2.403E-01 -8.743E-01 5.652E-01 -5.310E-01 -2.941E-01 9.999E-02 -2.378E-01 0 1 2 8 9 10
20210322:120000 523 73 15 36 6 -8.783E-01 5.686E-01 -5.336E-01 -2.955E-01 1.035E-01 -2.365E-01 -8.784E-01 5.684E-01 -5.335E-01 -2.975E-01 9.901E-02 -2.403E-01 0 1 2 8 9 10
20210323:120000 523 73 15 17 6 -8.822E-01 5.713E-01 -5.355E-01 -3.011E-01 9.646E-02 -2.444E-01 -8.783E-01 5.686E-01 -5.336E-01 -2.955E-01 1.035E-01 -2.365E-01 0 1 2 8 9 10
20210324:120000 523 73 15 89 6 -8.922E-01 5.771E-01 -5.411E-01 -2.988E-01 1.017E-01 -2.419E-01 -8.822E-01 5.713E-01 -5.355E-01 -3.011E-01 9.646E-02 -2.444E-01 0 1 2 8 9 10
20210325:120000 523 73 15 72 6 -8.956E-01 5.796E-01 -5.436E-01 -2.952E-01 1.076E-01 -2.383E-01 -8.922E-01 5.771E-01 -5.411E-01 -2.988E-01 1.017E-01 -2.419E-01 0 1 2 8 9 10
20210326:120000 523 73 15 68 6 -9.023E-01 5.848E-01 -5.502E-01 -2.988E-01 1.086E-01 -2.404E-01 -8.956E-01 5.796E-01 -5.436E-01 -2.952E-01 1.076E-01 -2.383E-01 0 1 2 8 9 10
20210327:120000 523 73 15 51 6 -9.048E-01 5.877E-01 -5.531E-01 -2.996E-01 1.108E-01 -2.394E-01 -9.023E-01 5.848E-01 -5.502E-01 -2.988E-01 1.086E-01 -2.404E-01 0 1 2 8 9 10
20210328:120000 523 73 15 23 6 -9.063E-01 5.891E-01 -5.546E-01 -3.016E-01 1.090E-01 -2.413E-01 -9.048E-01 5.877E-01 -5.531E-01 -2.996E-01 1.108E-01 -2.394E-01 0 1 2 8 9 10
20210329:120000 523 73 15 79 6 -9.313E-01 5.948E-01 -5.661E-01 -2.950E-01 1.199E-01 -2.356E-01 -9.063E-01 5.891E-01 -5.546E-01 -3.016E-01 1.090E-01 -2.413E-01 0 1 2 8 9 10
20210330:120000 523 73 15 63 6 -9.481E-01 5.991E-01 -5.741E-01 -2.973E-01 1.268E-01 -2.378E-01 -9.313E-01 5.948E-01 -5.661E-01 -2.950E-01 1.199E-01 -2.356E-01 0 1 2 8 9 10
20210331:120000 523 73 15 62 6 -9.541E-01 6.012E-01 -5.776E-01 -2.976E-01 1.356E-01 -2.334E-01 -9.481E-01 5.991E-01 -5.741E-01 -2.973E-01 1.268E-01 -2.378E-01 0 1 2 8 9 10
20210401:120000 523 73 15 48 6 -9.594E-01 6.040E-01 -5.819E-01 -3.010E-01 1.364E-01 -2.352E-01 -9.541E-01 6.012E-01 -5.776E-01 -2.976E-01 1.356E-01 -2.334E-01 0 1 2 8 9 10
20210402:120000 523 73 15 32 6 -9.566E-01 6.023E-01 -5.794E-01 -2.976E-01 1.399E-01 -2.306E-01 -9.594E-01 6.040E-01 -5.819E-01 -3.010E-01 1.364E-01 -2.352E-01 0 1 2 8 9 10
20210403:120000 523 73 15 94 6 -9.709E-01 6.099E-01 -5.891E-01 -2.890E-01 1.480E-01 -2.241E-01 -9.566E-01 6.023E-01 -5.794E-01 -2.976E-01 1.399E-01 -2.306E-01 0 1 2 8 9 10
20210404:120000 523 73 15 78 6 -9.816E-01 6.160E-01 -5.967E-01 -2.892E-01 1.553E-01 -2.230E-01 -9.709E-01 6.099E-01 -5.891E-01 -2.890E-01 1.480E-01 -2.241E-01 0 1 2 8 9 10
20210405:120000 523 73 15 57 6 -9.898E-01 6.231E-01 -6.049E-01 -2.911E-01 1.601E-01 -2.227E-01 -9.816E-01 6.160E-01 -5.967E-01 -2.892E-01 1.553E-01 -2.230E-01 0 1 2 8 9 10
20210406:120000 523 73 15 32 6 -9.934E-01 6.286E-01 -6.091E-01 -2.953E-01 1.559E-01 -2.277E-01 -9.898E-01 6.231E-01 -6.049E-01 -2.911E-01 1.601E-01 -2.227E-01 0 1 2 8 9 10
20210407:120000 523 73 15 16 6 -9.937E-01 6.290E-01 -6.093E-01 -2.960E-01 1.547E-01 -2.288E-01 -9.934E-01 6.286E-01 -6.091E-01 -2.953E-01 1.559E-01 -2.277E-01 0 1 2 8 9 10
20210408:120000 523 73 15 42 6 -9.950E-01 6.295E-01 -6.098E-01 -2.979E-01 1.524E-01 -2.312E-01 -9.937E-01 6.290E-01 -6.093E-01 -2.960E-01 1.547E-01 -2.288E-01 0 1 2 8 9 10
20210409:120000 523 73 15 75 6 -1.005E+00 6.372E-01 -6.177E-01 -2.953E-01 1.608E-01 -2.281E-01 -9.950E-01 6.295E-01 -6.098E-01 -2.979E-01 1.524E-01 -2.312E-01 0 1 2 8 9 10
20210410:120000 523 73 15 49 6 -1.011E+00 6.397E-01 -6.223E-01 -2.988E-01 1.613E-01 -2.306E-01 -1.005E+00 6.372E-01 -6.177E-01 -2.953E-01 1.608E-01 -2.281E-01 0 1 2 8 9 10
