20210314:090000 209 3 7 16 5 -1.765E-01 -4.480E-02 -6.717E-02 2.846E-01 -1.350E-02 -1.759E-01 -4.538E-02 -6.777E-02 2.851E-01 -1.397E-02 0 1 8 9 10
20210315:090000 209 3 7 25 5 -1.777E-01 -4.369E-02 -6.760E-02 2.848E-01 -1.384E-02 -1.765E-01 -4.480E-02 -6.717E-02 2.846E-01 -1.350E-02 0 1 8 9 10
20210316:090000 209 3 7 19 5 -1.776E-01 -4.361E-02 -6.724E-02 2.854E-01 -1.341E-02 -1.777E-01 -4.369E-02 -6.760E-02 2.848E-01 -1.384E-02 0 1 8 9 10
20210317:090000 209 3 7 27 5 -1.789E-01 -4.228E-02 -6.839E-02 2.850E-01 -1.422E-02 -1.776E-01 -4.361E-02 -6.724E-02 2.854E-01 -1.341E-02 0 1 8 9 10
20210318:090000 209 3 7 23 5 -1.788E-01 -4.232E-02 -6.810E-02 2.855E-01 -1.387E-02 -1.789E-01 -4.228E-02 -6.839E-02 2.850E-01 -1.422E-02 0 1 8 9 10
20210319:090000 209 3 7 11 5 -1.792E-01 -4.179E-02 -6.846E-02 2.855E-01 -1.405E-02 -1.788E-01 -4.232E-02 -6.810E-02 2.855E-01 -1.387E-02 0 1 8 9 10
20210320:090000 209 3 7 30 5 -1.812E-01 -4.072E-02 -6.909E-02 2.863E-01 -1.438E-02 -1.792E-01 -4.179E-02 -6.846E-02 2.855E-01 -1.405E-02 0 1 8 9 10
20210321:090000 209 3 7 37 5 -1.831E-01 -3.944E-02 -6.846E-02 2.875E-01 -1.375E-02 -1.812E-01 -4.072E-02 -6.909E-02 2.863E-01 -1.438E-02 0 1 8 9 10
20210322:090000 209 3 7 54 5 -1.844E-01 -3.855E-02 -6.740E-02 2.873E-01 -1.279E-02 -1.831E-01 -3.944E-02 -6.846E-02 2.875E-01 -1.375E-02 0 1 8 9 10
20210323:090000 209 3 7 36 5 -1.865E-01 -3.743E-02 -6.764E-02 2.881E-01 -1.301E-02 -1.844E-01 -3.855E-02 -6.740E-02 2.873E-01 -1.279E-02 0 1 8 9 10
20210324:090000 209 3 7 14 5 -1.866E-01 -3.738E-02 -6.740E-02 2.885E-01 -1.280E-02 -1.865E-01 -3.743E-02 -6.764E-02 2.881E-01 -1.301E-02 0 1 8 9 10
20210325:090000 209 3 7 13 5 -1.869E-01 -3.723E-02 -6.748E-02 2.887E-01 -1.283E-02 -1.866E-01 -3.738E-02 -6.740E-02 2.885E-01 -1.280E-02 0 1 8 9 10
20210326:090000 209 3 7 15 5 -1.880E-01 -3.656E-02 -6.803E-02 2.891E-01 -1.307E-02 -1.869E-01 -3.723E-02 -6.748E-02 2.887E-01 -1.283E-02 0 1 8 9 10
20210327:090000 209 3 7 21 5 -1.878E-01 -3.680E-02 -6.785E-02 2.892E-01 -1.298E-02 -1.880E-01 -3.656E-02 -6.803E-02 2.891E-01 -1.307E-02 0 1 8 9 10
20210328:090000 209 3 7 18 5 -1.877E-01 -3.685E-02 -6.770E-02 2.895E-01 -1.275E-02 -1.878E-01 -3.680E-02 -6.785E-02 2.892E-01 -1.298E-02 0 1 8 9 10
20210329:090000 209 3 7 36 5 -1.888E-01 -3.658E-02 -6.809E-02 2.896E-01 -1.294E-02 -1.877E-01 -3.685E-02 -6.770E-02 2.895E-01 -1.275E-02 0 1 8 9 10
20210330:090000 209 3 7 22 5 -1.904E-01 -3.623E-02 -6.692E-02 2.897E-01 -1.199E-02 -1.888E-01 -3.658E-02 -6.809E-02 2.896E-01 -1.294E-02 0 1 8 9 10
20210331:090000 209 3 7 24 5 -1.906E-01 -3.620E-02 -6.588E-02 2.903E-01 -1.137E-02 -1.904E-01 -3.623E-02 -6.692E-02 2.897E-01 -1.199E-02 0 1 8 9 10
20210401:090000 209 3 7 35 5 -1.903E-01 -3.634E-02 -6.586E-02 2.901E-01 -1.147E-02 -1.906E-01 -3.620E-02 -6.588E-02 2.903E-01 -1.137E-02 0 1 8 9 10
20210402:090000 209 3 7 50 5 -1.899E-01 -3.657E-02 -6.544E-02 2.898E-01 -1.156E-02 -1.903E-01 -3.634E-02 -6.586E-02 2.901E-01 -1.147E-02 0 1 8 9 10
20210403:090000 209 3 7 31 5 -1.905E-01 -3.601E-02 -6.554E-02 2.904E-01 -1.140E-02 -1.899E-01 -3.657E-02 -6.544E-02 2.898E-01 -1.156E-02 0 1 8 9 10
20210404:090000 209 3 7 35 5 -1.919E-01 -3.512E-02 -6.624E-02 2.911E-01 -1.154E-02 -1.905E-01 -3.601E-02 -6.554E-02 2.904E-01 -1.140E-02 0 1 8 9 10
20210405:090000 209 3 7 14 5 -1.912E-01 -3.552E-02 -6.557E-02 2.914E-01 -1.108E-02 -1.919E-01 -3.512E-02 -6.624E-02 2.911E-01 -1.154E-02 0 1 8 9 10
20210406:090000 209 3 7 26 5 -1.925E-01 -3.381E-02 -6.493E-02 2.916E-01 -1.056E-02 -1.912E-01 -3.552E-02 -6.557E-02 2.914E-01 -1.108E-02 0 1 8 9 10
20210407:090000 209 3 7 25 5 -1.934E-01 -3.294E-02 -6.564E-02 2.914E-01 -1.101E-02 -1.925E-01 -3.381E-02 -6.493E-02 2.916E-01 -1.056E-02 0 1 8 9 10
20210408:090000 209 3 7 15 5 -1.941E-01 -3.242E-02 -6.560E-02 2.920E-01 -1.084E-02 -1.934E-01 -3.294E-02 -6.564E-02 2.914E-01 -1.101E-02 0 1 8 9 10
20210409:090000 209 3 7 42 5 -1.941E-01 -3.277E-02 -6.500E-02 2.923E-01 -1.046E-02 -1.941E-01 -3.242E-02 -6.560E-02 2.920E-01 -1.084E-02 0 1 8 9 10
20210410:090000 209 3 7 24 5 -1.950E-01 -3.240E-02 -6.560E-02 2.922E-01 -1.096E-02 -1.941E-01 -3.277E-02 -6.500E-02 2.923E-01 -1.046E-02 0 1 8 9 10
