20210314:030000 523 73 11 66 6 -8.422E-01 5.261E-01 -5.419E-01 -9.547E-02 1.600E-02 -8.527E-02 -8.405E-01 5.254E-01 -5.410E-01 -9.860E-02 1.377E-02 -8.735E-02 0 1 2 8 9 10
20210315:030000 523 73 11 91 6 -8.642E-01 5.440E-01 -5.559E-01 -8.590E-02 2.214E-02 -7.834E-02 -8.422E-01 5.261E-01 -5.419E-01 -9.547E-02 1.600E-02 -8.527E-02 0 1 2 8 9 10
20210316:030000 523 73 11 91 6 -8.857E-01 5.592E-01 -5.676E-01 -7.815E-02 1.741E-02 -7.283E-02 -8.642E-01 5.440E-01 -5.559E-01 -8.590E-02 2.214E-02 -7.834E-02 0 1 2 8 9 10
20210317:030000 523 73 11 54 6 -8.928E-01 5.639E-01 -5.721E-01 -8.074E-02 2.074E-02 -7.366E-02 -8.857E-01 5.592E-01 -5.676E-01 -7.815E-02 1.741E-02 -7.283E-02 0 1 2 8 9 10
20210318:030000 523 73 11 60 6 -9.064E-01 5.696E-01 -5.768E-01 -8.246E-02 3.056E-02 -7.280E-02 -8.928E-01 5.639E-01 -5.721E-01 -8.074E-02 2.074E-02 -7.366E-02 0 1 2 8 9 10
20210319:030000 523 73 11 73 6 -9.314E-01 5.804E-01 -5.851E-01 -7.934E-02 4.591E-02 -6.933E-02 -9.064E-01 5.696E-01 -5.768E-01 -8.246E-02 3.056E-02 -7.280E-02 0 1 2 8 9 10
20210320:030000 523 73 11 72 6 -9.507E-01 5.896E-01 -5.915E-01 -6.738E-02 5.238E-02 -5.937E-02 -9.314E-01 5.804E-01 -5.851E-01 -7.934E-02 4.591E-02 -6.933E-02 0 1 2 8 9 10
20210321:030000 523 73 11 80 6 -9.662E-01 5.997E-01 -5.999E-01 -6.338E-02 5.109E-02 -5.593E-02 -9.507E-01 5.896E-01 -5.915E-01 -6.738E-02 5.238E-02 -5.937E-02 0 1 2 8 9 10
20210322:030000 523 73 11 66 6 -9.797E-01 6.076E-01 -6.057E-01 -5.970E-02 4.997E-02 -5.146E-02 -9.662E-01 5.997E-01 -5.999E-01 -6.338E-02 5.109E-02 -5.593E-02 0 1 2 8 9 10
20210323:030000 523 73 11 50 6 -9.983E-01 6.165E-01 -6.121E-01 -7.085E-02 4.779E-02 -6.334E-02 -9.797E-01 6.076E-01 -6.057E-01 -5.970E-02 4.997E-02 -5.146E-02 0 1 2 8 9 10
20210324:030000 523 73 11 70 6 -1.015E+00 6.256E-01 -6.210E-01 -7.779E-02 4.966E-02 -7.142E-02 -9.983E-01 6.165E-01 -6.121E-01 -7.085E-02 4.779E-02 -6.334E-02 0 1 2 8 9 10
20210325:030000 523 73 11 85 6 -1.028E+00 6.343E-01 -6.305E-01 -8.021E-02 5.105E-02 -7.331E-02 -1.015E+00 6.256E-01 -6.210E-01 -7.779E-02 4.966E-02 -7.142E-02 0 1 2 8 9 10
20210326:030000 523 73 11 98 6 -1.039E+00 6.421E-01 -6.392E-01 -8.108E-02 3.934E-02 -7.145E-02 -1.028E+00 6.343E-01 -6.305E-01 -8.021E-02 5.105E-02 -7.331E-02 0 1 2 8 9 10
20210327:030000 523 73 11 95 6 -1.041E+00 6.428E-01 -6.403E-01 -8.681E-02 4.253E-02 -7.233E-02 -1.039E+00 6.421E-01 -6.392E-01 -8.108E-02 3.934E-02 -7.145E-02 0 1 2 8 9 10
20210328:030000 523 73 11 54 6 -1.044E+00 6.438E-01 -6.420E-01 -8.655E-02 4.912E-02 -6.876E-02 -1.041E+00 6.428E-01 -6.403E-01 -8.681E-02 4.253E-02 -7.233E-02 0 1 2 8 9 10
20210329:030000 523 73 11 71 6 -1.071E+00 6.501E-01 -6.552E-01 -1.022E-01 4.680E-02 -8.333E-02 -1.044E+00 6.438E-01 -6.420E-01 -8.655E-02 4.912E-02 -6.876E-02 0 1 2 8 9 10
20210330:030000 523 73 11 81 6 -1.085E+00 6.531E-01 -6.606E-01 -1.112E-01 3.918E-02 -9.194E-02 -1.071E+00 6.501E-01 -6.552E-01 -1.022E-01 4.680E-02 -8.333E-02 0 1 2 8 9 10
20210331:030000 523 73 11 82 6 -1.103E+00 6.582E-01 -6.700E-01 -1.157E-01 3.742E-02 -9.460E-02 -1.085E+00 6.531E-01 -6.606E-01 -1.112E-01 3.918E-02 -9.194E-02 0 1 2 8 9 10
20210401:030000 523 73 11 101 6 -1.121E+00 6.631E-01 -6.800E-01 -1.009E-01 3.372E-02 -7.552E-02 -1.103E+00 6.582E-01 -6.700E-01 -1.157E-01 3.742E-02 -9.460E-02 0 1 2 8 9 10
20210402:030000 523 73 11 54 6 -1.127E+00 6.651E-01 -6.828E-01 -1.035E-01 3.476E-02 -7.784E-02 -1.121E+00 6.631E-01 -6.800E-01 -1.009E-01 3.372E-02 -7.552E-02 0 1 2 8 9 10
20210403:030000 523 73 11 71 6 -1.126E+00 6.632E-01 -6.808E-01 -9.794E-02 4.047E-02 -7.234E-02 -1.127E+00 6.651E-01 -6.828E-01 -1.035E-01 3.476E-02 -7.784E-02 0 1 2 8 9 10
20210404:030000 523 73 11 66 6 -1.130E+00 6.646E-01 -6.824E-01 -9.650E-02 4.497E-02 -6.963E-02 -1.126E+00 6.632E-01 -6.808E-01 -9.794E-02 4.047E-02 -7.234E-02 0 1 2 8 9 10
20210405:030000 523 73 11 62 6 -1.141E+00 6.690E-01 -6.883E-01 -9.272E-02 4.614E-02 -6.645E-02 -1.130E+00 6.646E-01 -6.824E-01 -9.650E-02 4.497E-02 -6.963E-02 0 1 2 8 9 10
20210406:030000 523 73 11 68 6 -1.149E+00 6.733E-01 -6.925E-01 -8.708E-02 4.483E-02 -6.126E-02 -1.141E+00 6.690E-01 -6.883E-01 -9.272E-02 4.614E-02 -6.645E-02 0 1 2 8 9 10
20210407:030000 523 73 11 36 6 -1.151E+00 6.749E-01 -6.932E-01 -8.760E-02 4.583E-02 -6.123E-02 -1.149E+00 6.733E-01 -6.925E-01 -8.708E-02 4.483E-02 -6.126E-02 0 1 2 8 9 10
20210408:030000 523 73 11 37 6 -1.158E+00 6.798E-01 -6.961E-01 -8.986E-02 4.982E-02 -6.132E-02 -1.151E+00 6.749E-01 -6.932E-01 -8.760E-02 4.583E-02 -6.123E-02 0 1 2 8 9 10
20210409:030000 523 73 11 50 6 -1.172E+00 6.868E-01 -7.045E-01 -9.648E-02 5.138E-02 -6.691E-02 -1.158E+00 6.798E-01 -6.961E-01 -8.986E-02 4.982E-02 -6.132E-02 0 1 2 8 9 10
20210410:030000 523 73 11 44 6 -1.182E+00 6.931E-01 -7.131E-01 -9.651E-02 5.181E-02 -6.868E-02 -1.172E+00 6.868E-01 -7.045E-01 -9.648E-02 5.138E-02 -6.691E-02 0 1 2 8 9 10
