20210314:090000 5 15 3 281 5 3.432E-01 -2.012E-01 -4.798E-02 -2.225E-02 -1.403E-02 3.510E-01 -2.084E-01 -4.122E-02 -2.629E-02 -1.000E-02 0 1 8 9 10
20210315:090000 5 15 3 204 5 3.379E-01 -1.952E-01 -5.170E-02 -2.167E-02 -1.584E-02 3.432E-01 -2.012E-01 -4.798E-02 -2.225E-02 -1.403E-02 0 1 8 9 10
20210316:090000 5 15 3 148 5 3.348E-01 -1.910E-01 -5.181E-02 -1.775E-02 -1.463E-02 3.379E-01 -1.952E-01 -5.170E-02 -2.167E-02 -1.584E-02 0 1 8 9 10
20210317:090000 5 15 3 262 5 3.422E-01 -1.962E-01 -5.875E-02 -2.586E-02 -1.983E-02 3.348E-01 -1.910E-01 -5.181E-02 -1.775E-02 -1.463E-02 0 1 8 9 10
20210318:090000 5 15 3 279 5 3.526E-01 -1.993E-01 -4.836E-02 -2.645E-02 -1.204E-02 3.422E-01 -1.962E-01 -5.875E-02 -2.586E-02 -1.983E-02 0 1 8 9 10
20210319:090000 5 15 3 260 5 3.347E-01 -1.853E-01 -4.938E-02 -1.473E-02 -1.076E-02 3.526E-01 -1.993E-01 -4.836E-02 -2.645E-02 -1.204E-02 0 1 8 9 10
20210320:090000 5 15 3 171 5 3.284E-01 -1.801E-01 -4.859E-02 -6.188E-03 -8.852E-03 3.347E-01 -1.853E-01 -4.938E-02 -1.473E-02 -1.076E-02 0 1 8 9 10
20210321:090000 5 15 3 123 5 3.158E-01 -1.690E-01 -5.492E-02 -1.912E-03 -1.179E-02 3.284E-01 -1.801E-01 -4.859E-02 -6.188E-03 -8.852E-03 0 1 8 9 10
20210322:090000 5 15 3 275 5 3.107E-01 -1.661E-01 -6.871E-02 4.766E-03 -2.313E-02 3.158E-01 -1.690E-01 -5.492E-02 -1.912E-03 -1.179E-02 0 1 8 9 10
20210323:090000 5 15 3 287 5 3.129E-01 -1.679E-01 -7.384E-02 1.311E-03 -2.670E-02 3.107E-01 -1.661E-01 -6.871E-02 4.766E-03 -2.313E-02 0 1 8 9 10
20210324:090000 5 15 3 246 5 3.196E-01 -1.708E-01 -7.636E-02 -2.192E-03 -2.918E-02 3.129E-01 -1.679E-01 -7.384E-02 1.311E-03 -2.670E-02 0 1 8 9 10
20210325:090000 5 15 3 221 5 3.001E-01 -1.557E-01 -8.151E-02 8.330E-03 -3.047E-02 3.196E-01 -1.708E-01 -7.636E-02 -2.192E-03 -2.918E-02 0 1 8 9 10
20210326:090000 5 15 3 133 5 2.993E-01 -1.544E-01 -8.120E-02 1.026E-02 -2.944E-02 3.001E-01 -1.557E-01 -8.151E-02 8.330E-03 -3.047E-02 0 1 8 9 10
20210327:090000 5 15 3 279 5 2.909E-01 -1.462E-01 -8.678E-02 2.148E-02 -3.331E-02 2.993E-01 -1.544E-01 -8.120E-02 1.026E-02 -2.944E-02 0 1 8 9 10
20210328:090000 5 15 3 265 5 2.896E-01 -1.474E-01 -9.595E-02 2.223E-02 -3.821E-02 2.909E-01 -1.462E-01 -8.678E-02 2.148E-02 -3.331E-02 0 1 8 9 10
20210329:090000 5 15 3 233 5 3.016E-01 -1.492E-01 -8.849E-02 2.549E-02 -3.736E-02 2.896E-01 -1.474E-01 -9.595E-02 2.223E-02 -3.821E-02 0 1 8 9 10
20210330:090000 5 15 3 199 5 3.102E-01 -1.511E-01 -8.928E-02 2.018E-02 -3.623E-02 3.016E-01 -1.492E-01 -8.849E-02 2.549E-02 -3.736E-02 0 1 8 9 10
20210331:090000 5 15 3 114 5 3.206E-01 -1.542E-01 -8.292E-02 1.637E-02 -3.486E-02 3.102E-01 -1.511E-01 -8.928E-02 2.018E-02 -3.623E-02 0 1 8 9 10
20210401:090000 5 15 3 285 5 3.328E-01 -1.627E-01 -8.798E-02 1.585E-02 -3.741E-02 3.206E-01 -1.542E-01 -8.292E-02 1.637E-02 -3.486E-02 0 1 8 9 10
20210402:090000 5 15 3 267 5 3.337E-01 -1.618E-01 -8.879E-02 2.093E-02 -3.806E-02 3.328E-01 -1.627E-01 -8.798E-02 1.585E-02 -3.741E-02 0 1 8 9 10
20210403:090000 5 15 3 168 5 3.159E-01 -1.495E-01 -9.052E-02 3.925E-02 -3.620E-02 3.337E-01 -1.618E-01 -8.879E-02 2.093E-02 -3.806E-02 0 1 8 9 10
20210404:090000 5 15 3 168 5 3.179E-01 -1.513E-01 -8.809E-02 4.241E-02 -3.306E-02 3.159E-01 -1.495E-01 -9.052E-02 3.925E-02 -3.620E-02 0 1 8 9 10
20210405:090000 5 15 3 92 5 3.149E-01 -1.491E-01 -9.090E-02 3.969E-02 -3.565E-02 3.179E-01 -1.513E-01 -8.809E-02 4.241E-02 -3.306E-02 0 1 8 9 10
20210406:090000 5 15 3 265 5 3.191E-01 -1.518E-01 -9.521E-02 3.553E-02 -3.973E-02 3.149E-01 -1.491E-01 -9.090E-02 3.969E-02 -3.565E-02 0 1 8 9 10
20210407:090000 5 15 3 277 5 3.100E-01 -1.437E-01 -1.001E-01 3.964E-02 -4.173E-02 3.191E-01 -1.518E-01 -9.521E-02 3.553E-02 -3.973E-02 0 1 8 9 10
20210408:090000 5 15 3 210 5 2.937E-01 -1.263E-01 -1.036E-01 4.915E-02 -4.244E-02 3.100E-01 -1.437E-01 -1.001E-01 3.964E-02 -4.173E-02 0 1 8 9 10
20210409:090000 5 15 3 156 5 2.811E-01 -1.172E-01 -1.083E-01 5.639E-02 -4.291E-02 2.937E-01 -1.263E-01 -1.036E-01 4.915E-02 -4.244E-02 0 1 8 9 10
20210410:090000 5 15 3 226 5 2.888E-01 -1.210E-01 -1.096E-01 5.251E-02 -4.343E-02 2.811E-01 -1.172E-01 -1.083E-01 5.639E-02 -4.291E-02 0 1 8 9 10
