20210314:090000 3 3 8 22 5 2.747E-01 -3.693E-02 6.428E-02 -3.388E-02 1.676E-02 2.743E-01 -3.666E-02 6.423E-02 -3.333E-02 1.703E-02 0 1 8 9 10
20210314:210000 3 3 8 158 5 2.700E-01 -8.673E-02 1.152E-01 -1.622E-02 -9.507E-02 2.656E-01 -8.385E-02 1.228E-01 -1.361E-02 -8.979E-02 0 1 8 9 10
20210315:090000 3 3 8 81 5 2.730E-01 -3.566E-02 6.238E-02 -3.370E-02 1.547E-02 2.747E-01 -3.693E-02 6.428E-02 -3.388E-02 1.676E-02 0 1 8 9 10
20210315:210000 3 3 8 128 5 2.735E-01 -8.919E-02 1.103E-01 -1.549E-02 -9.856E-02 2.700E-01 -8.673E-02 1.152E-01 -1.622E-02 -9.507E-02 0 1 8 9 10
20210316:090000 3 3 8 29 5 2.748E-01 -3.699E-02 6.328E-02 -3.308E-02 1.608E-02 2.730E-01 -3.566E-02 6.238E-02 -3.370E-02 1.547E-02 0 1 8 9 10
20210316:210000 3 3 8 174 5 2.776E-01 -9.338E-02 1.077E-01 -1.667E-02 -1.003E-01 2.735E-01 -8.919E-02 1.103E-01 -1.549E-02 -9.856E-02 0 1 8 9 10
20210317:090000 3 3 8 26 5 2.761E-01 -3.815E-02 6.394E-02 -3.322E-02 1.644E-02 2.748E-01 -3.699E-02 6.328E-02 -3.308E-02 1.608E-02 0 1 8 9 10
20210317:210000 3 3 8 19 5 2.772E-01 -9.311E-02 1.075E-01 -1.673E-02 -1.005E-01 2.776E-01 -9.338E-02 1.077E-01 -1.667E-02 -1.003E-01 0 1 8 9 10
20210318:090000 3 3 8 20 5 2.770E-01 -3.914E-02 6.437E-02 -3.360E-02 1.654E-02 2.761E-01 -3.815E-02 6.394E-02 -3.322E-02 1.644E-02 0 1 8 9 10
20210318:210000 3 3 8 147 5 2.797E-01 -9.375E-02 1.060E-01 -1.790E-02 -1.016E-01 2.772E-01 -9.311E-02 1.075E-01 -1.673E-02 -1.005E-01 0 1 8 9 10
20210319:090000 3 3 8 30 5 2.774E-01 -3.928E-02 6.474E-02 -3.385E-02 1.674E-02 2.770E-01 -3.914E-02 6.437E-02 -3.360E-02 1.654E-02 0 1 8 9 10
20210319:210000 3 3 8 171 5 2.802E-01 -9.384E-02 1.036E-01 -1.853E-02 -1.032E-01 2.797E-01 -9.375E-02 1.060E-01 -1.790E-02 -1.016E-01 0 1 8 9 10
20210320:090000 3 3 8 67 5 2.783E-01 -3.956E-02 6.462E-02 -3.454E-02 1.659E-02 2.774E-01 -3.928E-02 6.474E-02 -3.385E-02 1.674E-02 0 1 8 9 10
20210320:210000 3 3 8 161 5 2.789E-01 -9.312E-02 1.022E-01 -1.721E-02 -1.034E-01 2.802E-01 -9.384E-02 1.036E-01 -1.853E-02 -1.032E-01 0 1 8 9 10
20210321:090000 3 3 8 42 5 2.798E-01 -4.046E-02 6.495E-02 -3.407E-02 1.657E-02 2.783E-01 -3.956E-02 6.462E-02 -3.454E-02 1.659E-02 0 1 8 9 10
20210321:210000 3 3 8 143 5 2.824E-01 -9.578E-02 9.975E-02 -1.893E-02 -1.050E-01 2.789E-01 -9.312E-02 1.022E-01 -1.721E-02 -1.034E-01 0 1 8 9 10
20210322:090000 3 3 8 28 5 2.802E-01 -4.068E-02 6.527E-02 -3.392E-02 1.676E-02 2.798E-01 -4.046E-02 6.495E-02 -3.407E-02 1.657E-02 0 1 8 9 10
20210322:210000 3 3 8 28 5 2.826E-01 -9.587E-02 1.001E-01 -1.899E-02 -1.048E-01 2.824E-01 -9.578E-02 9.975E-02 -1.893E-02 -1.050E-01 0 1 8 9 10
20210323:090000 3 3 8 22 5 2.819E-01 -4.176E-02 6.622E-02 -3.441E-02 1.710E-02 2.802E-01 -4.068E-02 6.527E-02 -3.392E-02 1.676E-02 0 1 8 9 10
20210323:210000 3 3 8 109 5 2.800E-01 -9.402E-02 1.022E-01 -1.880E-02 -1.032E-01 2.826E-01 -9.587E-02 1.001E-01 -1.899E-02 -1.048E-01 0 1 8 9 10
20210324:090000 3 3 8 68 5 2.860E-01 -4.422E-02 6.558E-02 -3.614E-02 1.628E-02 2.819E-01 -4.176E-02 6.622E-02 -3.441E-02 1.710E-02 0 1 8 9 10
20210324:210000 3 3 8 198 5 2.760E-01 -9.082E-02 1.048E-01 -1.862E-02 -1.009E-01 2.800E-01 -9.402E-02 1.022E-01 -1.880E-02 -1.032E-01 0 1 8 9 10
20210325:090000 3 3 8 51 5 2.862E-01 -4.425E-02 6.491E-02 -3.550E-02 1.582E-02 2.860E-01 -4.422E-02 6.558E-02 -3.614E-02 1.628E-02 0 1 8 9 10
20210325:210000 3 3 8 238 5 2.782E-01 -9.247E-02 1.037E-01 -2.003E-02 -1.013E-01 2.760E-01 -9.082E-02 1.048E-01 -1.862E-02 -1.009E-01 0 1 8 9 10
20210326:090000 3 3 8 33 5 2.879E-01 -4.536E-02 6.577E-02 -3.555E-02 1.618E-02 2.862E-01 -4.425E-02 6.491E-02 -3.550E-02 1.582E-02 0 1 8 9 10
20210326:210000 3 3 8 119 5 2.752E-01 -8.989E-02 1.076E-01 -2.155E-02 -9.795E-02 2.782E-01 -9.247E-02 1.037E-01 -2.003E-02 -1.013E-01 0 1 8 9 10
20210327:090000 3 3 8 19 5 2.883E-01 -4.554E-02 6.581E-02 -3.597E-02 1.605E-02 2.879E-01 -4.536E-02 6.577E-02 -3.555E-02 1.618E-02 0 1 8 9 10
20210327:210000 3 3 8 24 5 2.754E-01 -8.999E-02 1.078E-01 -2.181E-02 -9.801E-02 2.752E-01 -8.989E-02 1.076E-01 -2.155E-02 -9.795E-02 0 1 8 9 10
20210328:090000 3 3 8 9 5 2.889E-01 -4.589E-02 6.616E-02 -3.604E-02 1.628E-02 2.883E-01 -4.554E-02 6.581E-02 -3.597E-02 1.605E-02 0 1 8 9 10
20210328:210000 3 3 8 73 5 2.771E-01 -9.036E-02 1.064E-01 -2.097E-02 -9.935E-02 2.754E-01 -8.999E-02 1.078E-01 -2.181E-02 -9.801E-02 0 1 8 9 10
20210329:090000 3 3 8 78 5 2.917E-01 -4.668E-02 6.811E-02 -3.457E-02 1.765E-02 2.889E-01 -4.589E-02 6.616E-02 -3.604E-02 1.628E-02 0 1 8 9 10
20210329:210000 3 3 8 217 5 2.785E-01 -9.054E-02 1.088E-01 -2.061E-02 -9.736E-02 2.771E-01 -9.036E-02 1.064E-01 -2.097E-02 -9.935E-02 0 1 8 9 10
20210330:090000 3 3 8 53 5 2.939E-01 -4.702E-02 6.599E-02 -3.400E-02 1.609E-02 2.917E-01 -4.668E-02 6.811E-02 -3.457E-02 1.765E-02 0 1 8 9 10
20210330:210000 3 3 8 160 5 2.781E-01 -9.025E-02 1.104E-01 -2.117E-02 -9.562E-02 2.785E-01 -9.054E-02 1.088E-01 -2.061E-02 -9.736E-02 0 1 8 9 10
20210331:090000 3 3 8 27 5 2.942E-01 -4.711E-02 6.601E-02 -3.421E-02 1.606E-02 2.939E-01 -4.702E-02 6.599E-02 -3.400E-02 1.609E-02 0 1 8 9 10
20210331:210000 3 3 8 55 5 2.774E-01 -8.960E-02 1.107E-01 -2.051E-02 -9.550E-02 2.781E-01 -9.025E-02 1.104E-01 -2.117E-02 -9.562E-02 0 1 8 9 10
20210401:090000 3 3 8 20 5 2.953E-01 -4.757E-02 6.655E-02 -3.443E-02 1.635E-02 2.942E-01 -4.711E-02 6.601E-02 -3.421E-02 1.606E-02 0 1 8 9 10
20210401:210000 3 3 8 32 5 2.773E-01 -8.960E-02 1.108E-01 -2.070E-02 -9.544E-02 2.774E-01 -8.960E-02 1.107E-01 -2.051E-02 -9.550E-02 0 1 8 9 10
20210402:090000 3 3 8 30 5 2.958E-01 -4.735E-02 6.690E-02 -3.447E-02 1.648E-02 2.953E-01 -4.757E-02 6.655E-02 -3.443E-02 1.635E-02 0 1 8 9 10
20210402:210000 3 3 8 147 5 2.759E-01 -8.808E-02 1.084E-01 -2.133E-02 -9.736E-02 2.773E-01 -8.960E-02 1.108E-01 -2.070E-02 -9.544E-02 0 1 8 9 10
20210403:090000 3 3 8 94 5 2.962E-01 -4.749E-02 6.780E-02 -3.457E-02 1.697E-02 2.958E-01 -4.735E-02 6.690E-02 -3.447E-02 1.648E-02 0 1 8 9 10
20210403:210000 3 3 8 229 5 2.795E-01 -8.996E-02 1.070E-01 -2.222E-02 -9.853E-02 2.759E-01 -8.808E-02 1.084E-01 -2.133E-02 -9.736E-02 0 1 8 9 10
20210404:090000 3 3 8 39 5 2.982E-01 -4.847E-02 6.786E-02 -3.470E-02 1.700E-02 2.962E-01 -4.749E-02 6.780E-02 -3.457E-02 1.697E-02 0 1 8 9 10
20210404:210000 3 3 8 153 5 2.759E-01 -8.591E-02 1.074E-01 -2.072E-02 -9.794E-02 2.795E-01 -8.996E-02 1.070E-01 -2.222E-02 -9.853E-02 0 1 8 9 10
20210405:090000 3 3 8 74 5 2.994E-01 -4.884E-02 6.700E-02 -3.555E-02 1.635E-02 2.982E-01 -4.847E-02 6.786E-02 -3.470E-02 1.700E-02 0 1 8 9 10
20210405:210000 3 3 8 28 5 2.756E-01 -8.556E-02 1.074E-01 -2.043E-02 -9.793E-02 2.759E-01 -8.591E-02 1.074E-01 -2.072E-02 -9.794E-02 0 1 8 9 10
20210406:090000 3 3 8 27 5 2.995E-01 -4.874E-02 6.665E-02 -3.613E-02 1.598E-02 2.994E-01 -4.884E-02 6.700E-02 -3.555E-02 1.635E-02 0 1 8 9 10
20210406:210000 3 3 8 70 5 2.753E-01 -8.488E-02 1.063E-01 -2.151E-02 -9.883E-02 2.756E-01 -8.556E-02 1.074E-01 -2.043E-02 -9.793E-02 0 1 8 9 10
20210407:090000 3 3 8 21 5 2.993E-01 -4.867E-02 6.669E-02 -3.581E-02 1.612E-02 2.995E-01 -4.874E-02 6.665E-02 -3.613E-02 1.598E-02 0 1 8 9 10
20210407:210000 3 3 8 95 5 2.743E-01 -8.277E-02 1.039E-01 -2.192E-02 -1.005E-01 2.753E-01 -8.488E-02 1.063E-01 -2.151E-02 -9.883E-02 0 1 8 9 10
20210408:090000 3 3 8 98 5 3.028E-01 -5.191E-02 6.908E-02 -3.613E-02 1.728E-02 2.993E-01 -4.867E-02 6.669E-02 -3.581E-02 1.612E-02 0 1 8 9 10
20210408:210000 3 3 8 83 5 2.765E-01 -8.391E-02 1.022E-01 -2.214E-02 -1.017E-01 2.743E-01 -8.277E-02 1.039E-01 -2.192E-02 -1.005E-01 0 1 8 9 10
20210409:090000 3 3 8 46 5 3.049E-01 -5.345E-02 6.840E-02 -3.599E-02 1.655E-02 3.028E-01 -5.191E-02 6.908E-02 -3.613E-02 1.728E-02 0 1 8 9 10
20210409:210000 3 3 8 160 5 2.779E-01 -8.330E-02 1.020E-01 -2.228E-02 -1.019E-01 2.765E-01 -8.391E-02 1.022E-01 -2.214E-02 -1.017E-01 0 1 8 9 10
20210410:090000 3 3 8 37 5 3.053E-01 -5.384E-02 6.860E-02 -3.606E-02 1.649E-02 3.049E-01 -5.345E-02 6.840E-02 -3.599E-02 1.655E-02 0 1 8 9 10
20210410:210000 3 3 8 35 5 2.790E-01 -8.425E-02 1.030E-01 -2.213E-02 -1.013E-01 2.779E-01 -8.330E-02 1.020E-01 -2.228E-02 -1.019E-01 0 1 8 9 10
