20210314:210000 5 15 3 270 5 4.885E-01 1.297E-01 -2.065E-02 3.618E-02 -7.871E-02 4.846E-01 1.341E-01 -9.132E-03 3.721E-02 -7.130E-02 0 1 8 9 10
20210315:210000 5 15 3 174 5 4.909E-01 1.301E-01 -2.986E-02 3.684E-02 -8.205E-02 4.885E-01 1.297E-01 -2.065E-02 3.618E-02 -7.871E-02 0 1 8 9 10
20210316:210000 5 15 3 226 5 4.908E-01 1.308E-01 -3.343E-02 3.035E-02 -8.356E-02 4.909E-01 1.301E-01 -2.986E-02 3.684E-02 -8.205E-02 0 1 8 9 10
20210317:210000 5 15 3 355 5 5.080E-01 1.191E-01 -3.617E-02 3.413E-02 -8.758E-02 4.908E-01 1.308E-01 -3.343E-02 3.035E-02 -8.356E-02 0 1 8 9 10
20210318:210000 5 15 3 280 5 4.993E-01 1.291E-01 -2.588E-02 4.278E-02 -8.331E-02 5.080E-01 1.191E-01 -3.617E-02 3.413E-02 -8.758E-02 0 1 8 9 10
20210319:210000 5 15 3 223 5 5.002E-01 1.255E-01 -2.565E-02 4.236E-02 -8.168E-02 4.993E-01 1.291E-01 -2.588E-02 4.278E-02 -8.331E-02 0 1 8 9 10
20210320:210000 5 15 3 159 5 4.901E-01 1.312E-01 -2.284E-02 5.129E-02 -7.819E-02 5.002E-01 1.255E-01 -2.565E-02 4.236E-02 -8.168E-02 0 1 8 9 10
20210321:210000 5 15 3 195 5 4.790E-01 1.376E-01 -1.913E-02 6.090E-02 -7.649E-02 4.901E-01 1.312E-01 -2.284E-02 5.129E-02 -7.819E-02 0 1 8 9 10
20210322:210000 5 15 3 332 5 4.612E-01 1.478E-01 -1.841E-02 6.916E-02 -7.381E-02 4.790E-01 1.376E-01 -1.913E-02 6.090E-02 -7.649E-02 0 1 8 9 10
20210323:210000 5 15 3 285 5 4.577E-01 1.494E-01 -1.132E-02 7.246E-02 -6.637E-02 4.612E-01 1.478E-01 -1.841E-02 6.916E-02 -7.381E-02 0 1 8 9 10
20210324:210000 5 15 3 139 5 4.506E-01 1.543E-01 -1.855E-02 7.409E-02 -6.978E-02 4.577E-01 1.494E-01 -1.132E-02 7.246E-02 -6.637E-02 0 1 8 9 10
20210325:210000 5 15 3 194 5 4.490E-01 1.550E-01 -1.469E-02 7.303E-02 -6.620E-02 4.506E-01 1.543E-01 -1.855E-02 7.409E-02 -6.978E-02 0 1 8 9 10
20210326:210000 5 15 3 213 5 4.501E-01 1.542E-01 -1.432E-02 6.962E-02 -6.694E-02 4.490E-01 1.550E-01 -1.469E-02 7.303E-02 -6.620E-02 0 1 8 9 10
20210327:210000 5 15 3 297 5 4.591E-01 1.466E-01 -2.790E-02 6.184E-02 -7.773E-02 4.501E-01 1.542E-01 -1.432E-02 6.962E-02 -6.694E-02 0 1 8 9 10
20210328:210000 5 15 3 280 5 4.689E-01 1.414E-01 -4.015E-02 5.443E-02 -8.557E-02 4.591E-01 1.466E-01 -2.790E-02 6.184E-02 -7.773E-02 0 1 8 9 10
20210329:210000 5 15 3 132 5 4.753E-01 1.401E-01 -4.389E-02 5.149E-02 -8.735E-02 4.689E-01 1.414E-01 -4.015E-02 5.443E-02 -8.557E-02 0 1 8 9 10
20210330:210000 5 15 3 198 5 4.678E-01 1.434E-01 -4.137E-02 5.527E-02 -8.577E-02 4.753E-01 1.401E-01 -4.389E-02 5.149E-02 -8.735E-02 0 1 8 9 10
20210331:210000 5 15 3 298 5 4.594E-01 1.444E-01 -3.151E-02 6.455E-02 -8.066E-02 4.678E-01 1.434E-01 -4.137E-02 5.527E-02 -8.577E-02 0 1 8 9 10
20210401:210000 5 15 3 319 5 4.516E-01 1.486E-01 -2.782E-02 7.489E-02 -7.668E-02 4.594E-01 1.444E-01 -3.151E-02 6.455E-02 -8.066E-02 0 1 8 9 10
20210402:210000 5 15 3 269 5 4.521E-01 1.506E-01 -2.900E-02 7.061E-02 -7.716E-02 4.516E-01 1.486E-01 -2.782E-02 7.489E-02 -7.668E-02 0 1 8 9 10
20210403:210000 5 15 3 122 5 4.511E-01 1.508E-01 -3.075E-02 7.327E-02 -7.677E-02 4.521E-01 1.506E-01 -2.900E-02 7.061E-02 -7.716E-02 0 1 8 9 10
20210404:210000 5 15 3 225 5 4.490E-01 1.525E-01 -3.689E-02 7.234E-02 -8.040E-02 4.511E-01 1.508E-01 -3.075E-02 7.327E-02 -7.677E-02 0 1 8 9 10
20210405:210000 5 15 3 309 5 4.323E-01 1.621E-01 -3.031E-02 7.742E-02 -7.336E-02 4.490E-01 1.525E-01 -3.689E-02 7.234E-02 -8.040E-02 0 1 8 9 10
20210406:210000 5 15 3 272 5 4.276E-01 1.660E-01 -3.281E-02 7.719E-02 -7.548E-02 4.323E-01 1.621E-01 -3.031E-02 7.742E-02 -7.336E-02 0 1 8 9 10
20210407:210000 5 15 3 254 5 4.216E-01 1.718E-01 -3.637E-02 8.047E-02 -7.652E-02 4.276E-01 1.660E-01 -3.281E-02 7.719E-02 -7.548E-02 0 1 8 9 10
20210408:210000 5 15 3 177 5 4.151E-01 1.759E-01 -3.734E-02 8.506E-02 -7.508E-02 4.216E-01 1.718E-01 -3.637E-02 8.047E-02 -7.652E-02 0 1 8 9 10
20210409:210000 5 15 3 236 5 4.141E-01 1.801E-01 -3.936E-02 7.296E-02 -7.497E-02 4.151E-01 1.759E-01 -3.734E-02 8.506E-02 -7.508E-02 0 1 8 9 10
20210410:210000 5 15 3 332 5 4.150E-01 1.832E-01 -3.407E-02 6.691E-02 -7.214E-02 4.141E-01 1.801E-01 -3.936E-02 7.296E-02 -7.497E-02 0 1 8 9 10
