20210314:090000 5 15 3 281 5 3.432E-01 -2.012E-01 -4.798E-02 -2.225E-02 -1.403E-02 3.510E-01 -2.084E-01 -4.122E-02 -2.629E-02 -1.000E-02 0 1 8 9 10
20210314:210000 5 15 3 270 5 4.885E-01 1.297E-01 -2.065E-02 3.618E-02 -7.871E-02 4.846E-01 1.341E-01 -9.132E-03 3.721E-02 -7.130E-02 0 1 8 9 10
20210315:090000 5 15 3 204 5 3.379E-01 -1.952E-01 -5.170E-02 -2.167E-02 -1.584E-02 3.432E-01 -2.012E-01 -4.798E-02 -2.225E-02 -1.403E-02 0 1 8 9 10
20210315:210000 5 15 3 174 5 4.909E-01 1.301E-01 -2.986E-02 3.684E-02 -8.205E-02 4.885E-01 1.297E-01 -2.065E-02 3.618E-02 -7.871E-02 0 1 8 9 10
20210316:090000 5 15 3 148 5 3.348E-01 -1.910E-01 -5.181E-02 -1.775E-02 -1.463E-02 3.379E-01 -1.952E-01 -5.170E-02 -2.167E-02 -1.584E-02 0 1 8 9 10
20210316:210000 5 15 3 226 5 4.908E-01 1.308E-01 -3.343E-02 3.035E-02 -8.356E-02 4.909E-01 1.301E-01 -2.986E-02 3.684E-02 -8.205E-02 0 1 8 9 10
20210317:090000 5 15 3 262 5 3.422E-01 -1.962E-01 -5.875E-02 -2.586E-02 -1.983E-02 3.348E-01 -1.910E-01 -5.181E-02 -1.775E-02 -1.463E-02 0 1 8 9 10
20210317:210000 5 15 3 355 5 5.080E-01 1.191E-01 -3.617E-02 3.413E-02 -8.758E-02 4.908E-01 1.308E-01 -3.343E-02 3.035E-02 -8.356E-02 0 1 8 9 10
20210318:090000 5 15 3 279 5 3.526E-01 -1.993E-01 -4.836E-02 -2.645E-02 -1.204E-02 3.422E-01 -1.962E-01 -5.875E-02 -2.586E-02 -1.983E-02 0 1 8 9 10
20210318:210000 5 15 3 280 5 4.993E-01 1.291E-01 -2.588E-02 4.278E-02 -8.331E-02 5.080E-01 1.191E-01 -3.617E-02 3.413E-02 -8.758E-02 0 1 8 9 10
20210319:090000 5 15 3 260 5 3.347E-01 -1.853E-01 -4.938E-02 -1.473E-02 -1.076E-02 3.526E-01 -1.993E-01 -4.836E-02 -2.645E-02 -1.204E-02 0 1 8 9 10
20210319:210000 5 15 3 223 5 5.002E-01 1.255E-01 -2.565E-02 4.236E-02 -8.168E-02 4.993E-01 1.291E-01 -2.588E-02 4.278E-02 -8.331E-02 0 1 8 9 10
20210320:090000 5 15 3 171 5 3.284E-01 -1.801E-01 -4.859E-02 -6.188E-03 -8.852E-03 3.347E-01 -1.853E-01 -4.938E-02 -1.473E-02 -1.076E-02 0 1 8 9 10
20210320:210000 5 15 3 159 5 4.901E-01 1.312E-01 -2.284E-02 5.129E-02 -7.819E-02 5.002E-01 1.255E-01 -2.565E-02 4.236E-02 -8.168E-02 0 1 8 9 10
20210321:090000 5 15 3 123 5 3.158E-01 -1.690E-01 -5.492E-02 -1.912E-03 -1.179E-02 3.284E-01 -1.801E-01 -4.859E-02 -6.188E-03 -8.852E-03 0 1 8 9 10
20210321:210000 5 15 3 195 5 4.790E-01 1.376E-01 -1.913E-02 6.090E-02 -7.649E-02 4.901E-01 1.312E-01 -2.284E-02 5.129E-02 -7.819E-02 0 1 8 9 10
20210322:090000 5 15 3 275 5 3.107E-01 -1.661E-01 -6.871E-02 4.766E-03 -2.313E-02 3.158E-01 -1.690E-01 -5.492E-02 -1.912E-03 -1.179E-02 0 1 8 9 10
20210322:210000 5 15 3 332 5 4.612E-01 1.478E-01 -1.841E-02 6.916E-02 -7.381E-02 4.790E-01 1.376E-01 -1.913E-02 6.090E-02 -7.649E-02 0 1 8 9 10
20210323:090000 5 15 3 287 5 3.129E-01 -1.679E-01 -7.384E-02 1.311E-03 -2.670E-02 3.107E-01 -1.661E-01 -6.871E-02 4.766E-03 -2.313E-02 0 1 8 9 10
20210323:210000 5 15 3 285 5 4.577E-01 1.494E-01 -1.132E-02 7.246E-02 -6.637E-02 4.612E-01 1.478E-01 -1.841E-02 6.916E-02 -7.381E-02 0 1 8 9 10
20210324:090000 5 15 3 246 5 3.196E-01 -1.708E-01 -7.636E-02 -2.192E-03 -2.918E-02 3.129E-01 -1.679E-01 -7.384E-02 1.311E-03 -2.670E-02 0 1 8 9 10
20210324:210000 5 15 3 139 5 4.506E-01 1.543E-01 -1.855E-02 7.409E-02 -6.978E-02 4.577E-01 1.494E-01 -1.132E-02 7.246E-02 -6.637E-02 0 1 8 9 10
20210325:090000 5 15 3 221 5 3.001E-01 -1.557E-01 -8.151E-02 8.330E-03 -3.047E-02 3.196E-01 -1.708E-01 -7.636E-02 -2.192E-03 -2.918E-02 0 1 8 9 10
20210325:210000 5 15 3 194 5 4.490E-01 1.550E-01 -1.469E-02 7.303E-02 -6.620E-02 4.506E-01 1.543E-01 -1.855E-02 7.409E-02 -6.978E-02 0 1 8 9 10
20210326:090000 5 15 3 133 5 2.993E-01 -1.544E-01 -8.120E-02 1.026E-02 -2.944E-02 3.001E-01 -1.557E-01 -8.151E-02 8.330E-03 -3.047E-02 0 1 8 9 10
20210326:210000 5 15 3 213 5 4.501E-01 1.542E-01 -1.432E-02 6.962E-02 -6.694E-02 4.490E-01 1.550E-01 -1.469E-02 7.303E-02 -6.620E-02 0 1 8 9 10
20210327:090000 5 15 3 279 5 2.909E-01 -1.462E-01 -8.678E-02 2.148E-02 -3.331E-02 2.993E-01 -1.544E-01 -8.120E-02 1.026E-02 -2.944E-02 0 1 8 9 10
20210327:210000 5 15 3 297 5 4.591E-01 1.466E-01 -2.790E-02 6.184E-02 -7.773E-02 4.501E-01 1.542E-01 -1.432E-02 6.962E-02 -6.694E-02 0 1 8 9 10
20210328:090000 5 15 3 265 5 2.896E-01 -1.474E-01 -9.595E-02 2.223E-02 -3.821E-02 2.909E-01 -1.462E-01 -8.678E-02 2.148E-02 -3.331E-02 0 1 8 9 10
20210328:210000 5 15 3 280 5 4.689E-01 1.414E-01 -4.015E-02 5.443E-02 -8.557E-02 4.591E-01 1.466E-01 -2.790E-02 6.184E-02 -7.773E-02 0 1 8 9 10
20210329:090000 5 15 3 233 5 3.016E-01 -1.492E-01 -8.849E-02 2.549E-02 -3.736E-02 2.896E-01 -1.474E-01 -9.595E-02 2.223E-02 -3.821E-02 0 1 8 9 10
20210329:210000 5 15 3 132 5 4.753E-01 1.401E-01 -4.389E-02 5.149E-02 -8.735E-02 4.689E-01 1.414E-01 -4.015E-02 5.443E-02 -8.557E-02 0 1 8 9 10
20210330:090000 5 15 3 199 5 3.102E-01 -1.511E-01 -8.928E-02 2.018E-02 -3.623E-02 3.016E-01 -1.492E-01 -8.849E-02 2.549E-02 -3.736E-02 0 1 8 9 10
20210330:210000 5 15 3 198 5 4.678E-01 1.434E-01 -4.137E-02 5.527E-02 -8.577E-02 4.753E-01 1.401E-01 -4.389E-02 5.149E-02 -8.735E-02 0 1 8 9 10
20210331:090000 5 15 3 114 5 3.206E-01 -1.542E-01 -8.292E-02 1.637E-02 -3.486E-02 3.102E-01 -1.511E-01 -8.928E-02 2.018E-02 -3.623E-02 0 1 8 9 10
20210331:210000 5 15 3 298 5 4.594E-01 1.444E-01 -3.151E-02 6.455E-02 -8.066E-02 4.678E-01 1.434E-01 -4.137E-02 5.527E-02 -8.577E-02 0 1 8 9 10
20210401:090000 5 15 3 285 5 3.328E-01 -1.627E-01 -8.798E-02 1.585E-02 -3.741E-02 3.206E-01 -1.542E-01 -8.292E-02 1.637E-02 -3.486E-02 0 1 8 9 10
20210401:210000 5 15 3 319 5 4.516E-01 1.486E-01 -2.782E-02 7.489E-02 -7.668E-02 4.594E-01 1.444E-01 -3.151E-02 6.455E-02 -8.066E-02 0 1 8 9 10
20210402:090000 5 15 3 267 5 3.337E-01 -1.618E-01 -8.879E-02 2.093E-02 -3.806E-02 3.328E-01 -1.627E-01 -8.798E-02 1.585E-02 -3.741E-02 0 1 8 9 10
20210402:210000 5 15 3 269 5 4.521E-01 1.506E-01 -2.900E-02 7.061E-02 -7.716E-02 4.516E-01 1.486E-01 -2.782E-02 7.489E-02 -7.668E-02 0 1 8 9 10
20210403:090000 5 15 3 168 5 3.159E-01 -1.495E-01 -9.052E-02 3.925E-02 -3.620E-02 3.337E-01 -1.618E-01 -8.879E-02 2.093E-02 -3.806E-02 0 1 8 9 10
20210403:210000 5 15 3 122 5 4.511E-01 1.508E-01 -3.075E-02 7.327E-02 -7.677E-02 4.521E-01 1.506E-01 -2.900E-02 7.061E-02 -7.716E-02 0 1 8 9 10
20210404:090000 5 15 3 168 5 3.179E-01 -1.513E-01 -8.809E-02 4.241E-02 -3.306E-02 3.159E-01 -1.495E-01 -9.052E-02 3.925E-02 -3.620E-02 0 1 8 9 10
20210404:210000 5 15 3 225 5 4.490E-01 1.525E-01 -3.689E-02 7.234E-02 -8.040E-02 4.511E-01 1.508E-01 -3.075E-02 7.327E-02 -7.677E-02 0 1 8 9 10
20210405:090000 5 15 3 92 5 3.149E-01 -1.491E-01 -9.090E-02 3.969E-02 -3.565E-02 3.179E-01 -1.513E-01 -8.809E-02 4.241E-02 -3.306E-02 0 1 8 9 10
20210405:210000 5 15 3 309 5 4.323E-01 1.621E-01 -3.031E-02 7.742E-02 -7.336E-02 4.490E-01 1.525E-01 -3.689E-02 7.234E-02 -8.040E-02 0 1 8 9 10
20210406:090000 5 15 3 265 5 3.191E-01 -1.518E-01 -9.521E-02 3.553E-02 -3.973E-02 3.149E-01 -1.491E-01 -9.090E-02 3.969E-02 -3.565E-02 0 1 8 9 10
20210406:210000 5 15 3 272 5 4.276E-01 1.660E-01 -3.281E-02 7.719E-02 -7.548E-02 4.323E-01 1.621E-01 -3.031E-02 7.742E-02 -7.336E-02 0 1 8 9 10
20210407:090000 5 15 3 277 5 3.100E-01 -1.437E-01 -1.001E-01 3.964E-02 -4.173E-02 3.191E-01 -1.518E-01 -9.521E-02 3.553E-02 -3.973E-02 0 1 8 9 10
20210407:210000 5 15 3 254 5 4.216E-01 1.718E-01 -3.637E-02 8.047E-02 -7.652E-02 4.276E-01 1.660E-01 -3.281E-02 7.719E-02 -7.548E-02 0 1 8 9 10
20210408:090000 5 15 3 210 5 2.937E-01 -1.263E-01 -1.036E-01 4.915E-02 -4.244E-02 3.100E-01 -1.437E-01 -1.001E-01 3.964E-02 -4.173E-02 0 1 8 9 10
20210408:210000 5 15 3 177 5 4.151E-01 1.759E-01 -3.734E-02 8.506E-02 -7.508E-02 4.216E-01 1.718E-01 -3.637E-02 8.047E-02 -7.652E-02 0 1 8 9 10
20210409:090000 5 15 3 156 5 2.811E-01 -1.172E-01 -1.083E-01 5.639E-02 -4.291E-02 2.937E-01 -1.263E-01 -1.036E-01 4.915E-02 -4.244E-02 0 1 8 9 10
20210409:210000 5 15 3 236 5 4.141E-01 1.801E-01 -3.936E-02 7.296E-02 -7.497E-02 4.151E-01 1.759E-01 -3.734E-02 8.506E-02 -7.508E-02 0 1 8 9 10
20210410:090000 5 15 3 226 5 2.888E-01 -1.210E-01 -1.096E-01 5.251E-02 -4.343E-02 2.811E-01 -1.172E-01 -1.083E-01 5.639E-02 -4.291E-02 0 1 8 9 10
20210410:210000 5 15 3 332 5 4.150E-01 1.832E-01 -3.407E-02 6.691E-02 -7.214E-02 4.141E-01 1.801E-01 -3.936E-02 7.296E-02 -7.497E-02 0 1 8 9 10
