20210314:090000 5 15 4 268 5 -1.424E-01 -7.273E-02 -1.624E-01 6.887E-02 -5.150E-02 -1.351E-01 -7.711E-02 -1.497E-01 7.061E-02 -4.470E-02 0 1 8 9 10
20210315:090000 5 15 4 193 5 -1.411E-01 -7.434E-02 -1.639E-01 6.305E-02 -5.406E-02 -1.424E-01 -7.273E-02 -1.624E-01 6.887E-02 -5.150E-02 0 1 8 9 10
20210316:090000 5 15 4 137 5 -1.431E-01 -7.124E-02 -1.627E-01 6.608E-02 -5.355E-02 -1.411E-01 -7.434E-02 -1.639E-01 6.305E-02 -5.406E-02 0 1 8 9 10
20210317:090000 5 15 4 256 5 -1.365E-01 -7.653E-02 -1.643E-01 5.683E-02 -5.578E-02 -1.431E-01 -7.124E-02 -1.627E-01 6.608E-02 -5.355E-02 0 1 8 9 10
20210318:090000 5 15 4 274 5 -1.449E-01 -6.644E-02 -1.553E-01 7.340E-02 -4.852E-02 -1.365E-01 -7.653E-02 -1.643E-01 5.683E-02 -5.578E-02 0 1 8 9 10
20210319:090000 5 15 4 251 5 -1.590E-01 -5.705E-02 -1.604E-01 7.970E-02 -5.083E-02 -1.449E-01 -6.644E-02 -1.553E-01 7.340E-02 -4.852E-02 0 1 8 9 10
20210320:090000 5 15 4 167 5 -1.754E-01 -4.603E-02 -1.673E-01 8.742E-02 -5.292E-02 -1.590E-01 -5.705E-02 -1.604E-01 7.970E-02 -5.083E-02 0 1 8 9 10
20210321:090000 5 15 4 114 5 -1.761E-01 -4.564E-02 -1.672E-01 8.788E-02 -5.324E-02 -1.754E-01 -4.603E-02 -1.673E-01 8.742E-02 -5.292E-02 0 1 8 9 10
20210322:090000 5 15 4 266 5 -1.995E-01 -3.344E-02 -1.736E-01 1.107E-01 -5.712E-02 -1.761E-01 -4.564E-02 -1.672E-01 8.788E-02 -5.324E-02 0 1 8 9 10
20210323:090000 5 15 4 283 5 -2.336E-01 -1.723E-02 -1.745E-01 1.228E-01 -5.533E-02 -1.995E-01 -3.344E-02 -1.736E-01 1.107E-01 -5.712E-02 0 1 8 9 10
20210324:090000 5 15 4 237 5 -2.468E-01 -9.152E-03 -1.796E-01 1.259E-01 -5.789E-02 -2.336E-01 -1.723E-02 -1.745E-01 1.228E-01 -5.533E-02 0 1 8 9 10
20210325:090000 5 15 4 208 5 -2.662E-01 4.124E-03 -1.898E-01 1.289E-01 -6.420E-02 -2.468E-01 -9.152E-03 -1.796E-01 1.259E-01 -5.789E-02 0 1 8 9 10
20210326:090000 5 15 4 129 5 -2.677E-01 5.145E-03 -1.905E-01 1.303E-01 -6.370E-02 -2.662E-01 4.124E-03 -1.898E-01 1.289E-01 -6.420E-02 0 1 8 9 10
20210327:090000 5 15 4 276 5 -2.774E-01 1.143E-02 -1.957E-01 1.347E-01 -6.602E-02 -2.677E-01 5.145E-03 -1.905E-01 1.303E-01 -6.370E-02 0 1 8 9 10
20210328:090000 5 15 4 260 5 -2.796E-01 1.002E-02 -1.909E-01 1.272E-01 -6.733E-02 -2.774E-01 1.143E-02 -1.957E-01 1.347E-01 -6.602E-02 0 1 8 9 10
20210329:090000 5 15 4 216 5 -2.814E-01 1.007E-02 -1.946E-01 1.284E-01 -7.007E-02 -2.796E-01 1.002E-02 -1.909E-01 1.272E-01 -6.733E-02 0 1 8 9 10
20210330:090000 5 15 4 183 5 -2.825E-01 1.037E-02 -1.990E-01 1.247E-01 -7.290E-02 -2.814E-01 1.007E-02 -1.946E-01 1.284E-01 -7.007E-02 0 1 8 9 10
20210331:090000 5 15 4 107 5 -2.794E-01 8.781E-03 -1.963E-01 1.249E-01 -7.175E-02 -2.825E-01 1.037E-02 -1.990E-01 1.247E-01 -7.290E-02 0 1 8 9 10
20210401:090000 5 15 4 279 5 -2.819E-01 8.928E-03 -2.021E-01 1.293E-01 -7.230E-02 -2.794E-01 8.781E-03 -1.963E-01 1.249E-01 -7.175E-02 0 1 8 9 10
20210402:090000 5 15 4 260 5 -3.038E-01 1.875E-02 -2.084E-01 1.361E-01 -7.489E-02 -2.819E-01 8.928E-03 -2.021E-01 1.293E-01 -7.230E-02 0 1 8 9 10
20210403:090000 5 15 4 157 5 -3.035E-01 1.968E-02 -2.114E-01 1.420E-01 -7.475E-02 -3.038E-01 1.875E-02 -2.084E-01 1.361E-01 -7.489E-02 0 1 8 9 10
20210404:090000 5 15 4 151 5 -2.971E-01 1.624E-02 -2.103E-01 1.385E-01 -7.356E-02 -3.035E-01 1.968E-02 -2.114E-01 1.420E-01 -7.475E-02 0 1 8 9 10
20210405:090000 5 15 4 86 5 -2.978E-01 1.529E-02 -2.120E-01 1.364E-01 -7.554E-02 -2.971E-01 1.624E-02 -2.103E-01 1.385E-01 -7.356E-02 0 1 8 9 10
20210406:090000 5 15 4 262 5 -2.861E-01 5.313E-03 -2.049E-01 1.337E-01 -7.174E-02 -2.978E-01 1.529E-02 -2.120E-01 1.364E-01 -7.554E-02 0 1 8 9 10
20210407:090000 5 15 4 271 5 -2.787E-01 -6.352E-03 -2.088E-01 1.239E-01 -7.615E-02 -2.861E-01 5.313E-03 -2.049E-01 1.337E-01 -7.174E-02 0 1 8 9 10
20210408:090000 5 15 4 204 5 -2.824E-01 -4.247E-03 -2.122E-01 1.290E-01 -7.604E-02 -2.787E-01 -6.352E-03 -2.088E-01 1.239E-01 -7.615E-02 0 1 8 9 10
20210409:090000 5 15 4 145 5 -2.829E-01 -5.377E-03 -2.114E-01 1.289E-01 -7.664E-02 -2.824E-01 -4.247E-03 -2.122E-01 1.290E-01 -7.604E-02 0 1 8 9 10
20210410:090000 5 15 4 221 5 -2.781E-01 -7.418E-03 -2.107E-01 1.242E-01 -7.599E-02 -2.829E-01 -5.377E-03 -2.114E-01 1.289E-01 -7.664E-02 0 1 8 9 10
