20210314:090000 5 15 5 250 5 -4.467E-01 1.606E-01 -9.085E-02 1.389E-01 -3.121E-02 -4.681E-01 1.814E-01 -1.102E-01 1.481E-01 -4.290E-02 0 1 8 9 10
20210314:210000 5 15 5 242 5 -6.486E-01 -5.960E-03 1.121E-02 1.578E-01 5.470E-02 -6.640E-01 5.847E-03 2.089E-02 1.753E-01 6.277E-02 0 1 8 9 10
20210315:090000 5 15 5 175 5 -4.423E-01 1.556E-01 -8.959E-02 1.406E-01 -2.925E-02 -4.467E-01 1.606E-01 -9.085E-02 1.389E-01 -3.121E-02 0 1 8 9 10
20210315:210000 5 15 5 163 5 -6.345E-01 -1.198E-02 -5.975E-03 1.560E-01 4.840E-02 -6.486E-01 -5.960E-03 1.121E-02 1.578E-01 5.470E-02 0 1 8 9 10
20210316:090000 5 15 5 124 5 -4.261E-01 1.352E-01 -8.650E-02 1.273E-01 -3.035E-02 -4.423E-01 1.556E-01 -8.959E-02 1.406E-01 -2.925E-02 0 1 8 9 10
20210316:210000 5 15 5 198 5 -6.267E-01 -1.677E-02 -1.466E-02 1.531E-01 4.270E-02 -6.345E-01 -1.198E-02 -5.975E-03 1.560E-01 4.840E-02 0 1 8 9 10
20210317:090000 5 15 5 228 5 -4.333E-01 1.354E-01 -8.289E-02 1.434E-01 -2.763E-02 -4.261E-01 1.352E-01 -8.650E-02 1.273E-01 -3.035E-02 0 1 8 9 10
20210317:210000 5 15 5 303 5 -6.133E-01 -2.669E-02 -2.318E-02 1.477E-01 3.760E-02 -6.267E-01 -1.677E-02 -1.466E-02 1.531E-01 4.270E-02 0 1 8 9 10
20210318:090000 5 15 5 239 5 -4.523E-01 1.486E-01 -7.279E-02 1.669E-01 -1.963E-02 -4.333E-01 1.354E-01 -8.289E-02 1.434E-01 -2.763E-02 0 1 8 9 10
20210318:210000 5 15 5 235 5 -6.183E-01 -2.040E-02 -5.689E-03 1.385E-01 4.543E-02 -6.133E-01 -2.669E-02 -2.318E-02 1.477E-01 3.760E-02 0 1 8 9 10
20210319:090000 5 15 5 237 5 -4.101E-01 1.230E-01 -5.049E-02 1.525E-01 -1.027E-02 -4.523E-01 1.486E-01 -7.279E-02 1.669E-01 -1.963E-02 0 1 8 9 10
20210319:210000 5 15 5 197 5 -5.995E-01 -2.786E-02 -1.007E-02 1.237E-01 4.068E-02 -6.183E-01 -2.040E-02 -5.689E-03 1.385E-01 4.543E-02 0 1 8 9 10
20210320:090000 5 15 5 146 5 -3.894E-01 1.058E-01 -4.714E-02 1.401E-01 -9.883E-03 -4.101E-01 1.230E-01 -5.049E-02 1.525E-01 -1.027E-02 0 1 8 9 10
20210320:210000 5 15 5 150 5 -5.816E-01 -3.790E-02 -1.373E-02 1.103E-01 3.660E-02 -5.995E-01 -2.786E-02 -1.007E-02 1.237E-01 4.068E-02 0 1 8 9 10
20210321:090000 5 15 5 100 5 -3.809E-01 9.789E-02 -4.043E-02 1.405E-01 -6.306E-03 -3.894E-01 1.058E-01 -4.714E-02 1.401E-01 -9.883E-03 0 1 8 9 10
20210321:210000 5 15 5 173 5 -5.715E-01 -4.325E-02 -1.849E-02 1.051E-01 3.333E-02 -5.816E-01 -3.790E-02 -1.373E-02 1.103E-01 3.660E-02 0 1 8 9 10
20210322:090000 5 15 5 232 5 -3.502E-01 8.298E-02 -4.834E-02 1.266E-01 -1.546E-02 -3.809E-01 9.789E-02 -4.043E-02 1.405E-01 -6.306E-03 0 1 8 9 10
20210322:210000 5 15 5 280 5 -5.505E-01 -5.453E-02 -3.282E-02 9.512E-02 2.171E-02 -5.715E-01 -4.325E-02 -1.849E-02 1.051E-01 3.333E-02 0 1 8 9 10
20210323:090000 5 15 5 254 5 -3.160E-01 6.775E-02 -4.793E-02 1.036E-01 -1.746E-02 -3.502E-01 8.298E-02 -4.834E-02 1.266E-01 -1.546E-02 0 1 8 9 10
20210323:210000 5 15 5 240 5 -5.308E-01 -6.224E-02 -4.874E-02 8.926E-02 1.182E-02 -5.505E-01 -5.453E-02 -3.282E-02 9.512E-02 2.171E-02 0 1 8 9 10
20210324:090000 5 15 5 216 5 -2.904E-01 5.364E-02 -3.651E-02 8.950E-02 -1.439E-02 -3.160E-01 6.775E-02 -4.793E-02 1.036E-01 -1.746E-02 0 1 8 9 10
20210324:210000 5 15 5 134 5 -5.240E-01 -6.701E-02 -5.234E-02 8.250E-02 1.059E-02 -5.308E-01 -6.224E-02 -4.874E-02 8.926E-02 1.182E-02 0 1 8 9 10
20210325:090000 5 15 5 188 5 -2.689E-01 3.725E-02 -2.642E-02 8.356E-02 -9.427E-03 -2.904E-01 5.364E-02 -3.651E-02 8.950E-02 -1.439E-02 0 1 8 9 10
20210325:210000 5 15 5 178 5 -5.069E-01 -7.389E-02 -4.808E-02 7.706E-02 1.007E-02 -5.240E-01 -6.701E-02 -5.234E-02 8.250E-02 1.059E-02 0 1 8 9 10
20210326:090000 5 15 5 111 5 -2.670E-01 3.570E-02 -2.526E-02 8.321E-02 -8.737E-03 -2.689E-01 3.725E-02 -2.642E-02 8.356E-02 -9.427E-03 0 1 8 9 10
20210326:210000 5 15 5 197 5 -5.501E-01 -3.450E-02 -1.707E-02 1.019E-01 3.323E-02 -5.069E-01 -7.389E-02 -4.808E-02 7.706E-02 1.007E-02 0 1 8 9 10
20210327:090000 5 15 5 254 5 -2.594E-01 3.266E-02 -1.880E-02 5.479E-02 -9.074E-03 -2.670E-01 3.570E-02 -2.526E-02 8.321E-02 -8.737E-03 0 1 8 9 10
20210327:210000 5 15 5 264 5 -5.775E-01 -1.351E-02 -2.178E-02 8.450E-02 3.102E-02 -5.501E-01 -3.450E-02 -1.707E-02 1.019E-01 3.323E-02 0 1 8 9 10
20210328:090000 5 15 5 232 5 -2.871E-01 5.333E-02 -1.544E-02 6.939E-02 -7.937E-03 -2.594E-01 3.266E-02 -1.880E-02 5.479E-02 -9.074E-03 0 1 8 9 10
20210328:210000 5 15 5 246 5 -5.940E-01 -4.707E-03 -1.291E-02 8.773E-02 4.315E-02 -5.775E-01 -1.351E-02 -2.178E-02 8.450E-02 3.102E-02 0 1 8 9 10
20210329:090000 5 15 5 189 5 -2.774E-01 5.195E-02 -8.776E-03 6.164E-02 -6.463E-03 -2.871E-01 5.333E-02 -1.544E-02 6.939E-02 -7.937E-03 0 1 8 9 10
20210329:210000 5 15 5 124 5 -6.077E-01 -7.405E-04 -1.796E-02 9.838E-02 4.285E-02 -5.940E-01 -4.707E-03 -1.291E-02 8.773E-02 4.315E-02 0 1 8 9 10
20210330:090000 5 15 5 156 5 -2.794E-01 5.226E-02 -7.677E-03 6.428E-02 -6.181E-03 -2.774E-01 5.195E-02 -8.776E-03 6.164E-02 -6.463E-03 0 1 8 9 10
20210330:210000 5 15 5 176 5 -6.271E-01 1.101E-02 -7.248E-03 1.106E-01 4.589E-02 -6.077E-01 -7.405E-04 -1.796E-02 9.838E-02 4.285E-02 0 1 8 9 10
20210331:090000 5 15 5 88 5 -2.817E-01 5.286E-02 -1.146E-02 6.016E-02 -9.834E-03 -2.794E-01 5.226E-02 -7.677E-03 6.428E-02 -6.181E-03 0 1 8 9 10
20210331:210000 5 15 5 268 5 -5.943E-01 2.409E-03 -7.932E-03 1.002E-01 4.353E-02 -6.271E-01 1.101E-02 -7.248E-03 1.106E-01 4.589E-02 0 1 8 9 10
20210401:090000 5 15 5 252 5 -2.773E-01 5.102E-02 -1.232E-02 6.481E-02 -8.586E-03 -2.817E-01 5.286E-02 -1.146E-02 6.016E-02 -9.834E-03 0 1 8 9 10
20210401:210000 5 15 5 275 5 -5.760E-01 -7.098E-03 -1.067E-02 8.881E-02 4.075E-02 -5.943E-01 2.409E-03 -7.932E-03 1.002E-01 4.353E-02 0 1 8 9 10
20210402:090000 5 15 5 234 5 -2.638E-01 4.466E-02 -7.324E-03 5.831E-02 -5.004E-03 -2.773E-01 5.102E-02 -1.232E-02 6.481E-02 -8.586E-03 0 1 8 9 10
20210402:210000 5 15 5 235 5 -5.525E-01 -1.631E-02 -8.589E-03 8.583E-02 3.757E-02 -5.760E-01 -7.098E-03 -1.067E-02 8.881E-02 4.075E-02 0 1 8 9 10
20210403:090000 5 15 5 146 5 -2.597E-01 4.202E-02 -7.305E-03 4.942E-02 -7.803E-03 -2.638E-01 4.466E-02 -7.324E-03 5.831E-02 -5.004E-03 0 1 8 9 10
20210403:210000 5 15 5 111 5 -5.427E-01 -1.962E-02 -9.023E-03 7.504E-02 3.596E-02 -5.525E-01 -1.631E-02 -8.589E-03 8.583E-02 3.757E-02 0 1 8 9 10
20210404:090000 5 15 5 130 5 -2.583E-01 4.131E-02 -6.949E-03 4.729E-02 -8.770E-03 -2.597E-01 4.202E-02 -7.305E-03 4.942E-02 -7.803E-03 0 1 8 9 10
20210404:210000 5 15 5 209 5 -5.442E-01 -7.916E-03 -2.619E-02 8.260E-02 2.637E-02 -5.427E-01 -1.962E-02 -9.023E-03 7.504E-02 3.596E-02 0 1 8 9 10
20210405:090000 5 15 5 77 5 -2.938E-01 6.972E-02 -3.237E-02 5.161E-02 -1.999E-02 -2.583E-01 4.131E-02 -6.949E-03 4.729E-02 -8.770E-03 0 1 8 9 10
20210405:210000 5 15 5 277 5 -5.501E-01 4.717E-03 -2.521E-02 8.748E-02 2.375E-02 -5.442E-01 -7.916E-03 -2.619E-02 8.260E-02 2.637E-02 0 1 8 9 10
20210406:090000 5 15 5 246 5 -3.122E-01 9.591E-02 -2.545E-02 6.344E-02 -1.216E-02 -2.938E-01 6.972E-02 -3.237E-02 5.161E-02 -1.999E-02 0 1 8 9 10
20210406:210000 5 15 5 244 5 -5.592E-01 1.099E-02 -6.218E-03 8.774E-02 3.325E-02 -5.501E-01 4.717E-03 -2.521E-02 8.748E-02 2.375E-02 0 1 8 9 10
20210407:090000 5 15 5 258 5 -3.147E-01 1.055E-01 -1.689E-02 6.537E-02 -6.907E-03 -3.122E-01 9.591E-02 -2.545E-02 6.344E-02 -1.216E-02 0 1 8 9 10
20210407:210000 5 15 5 231 5 -5.444E-01 2.215E-03 -1.991E-03 6.977E-02 3.525E-02 -5.592E-01 1.099E-02 -6.218E-03 8.774E-02 3.325E-02 0 1 8 9 10
20210408:090000 5 15 5 189 5 -3.096E-01 1.004E-01 -2.562E-02 5.038E-02 -1.447E-02 -3.147E-01 1.055E-01 -1.689E-02 6.537E-02 -6.907E-03 0 1 8 9 10
20210408:210000 5 15 5 169 5 -5.456E-01 4.072E-03 -7.779E-03 6.716E-02 3.129E-02 -5.444E-01 2.215E-03 -1.991E-03 6.977E-02 3.525E-02 0 1 8 9 10
20210409:090000 5 15 5 134 5 -3.144E-01 1.051E-01 -2.593E-02 5.412E-02 -1.451E-02 -3.096E-01 1.004E-01 -2.562E-02 5.038E-02 -1.447E-02 0 1 8 9 10
20210409:210000 5 15 5 220 5 -5.733E-01 1.484E-02 -5.257E-03 9.439E-02 3.186E-02 -5.456E-01 4.072E-03 -7.779E-03 6.716E-02 3.129E-02 0 1 8 9 10
20210410:090000 5 15 5 199 5 -3.227E-01 1.060E-01 -2.592E-02 5.279E-02 -1.783E-02 -3.144E-01 1.051E-01 -2.593E-02 5.412E-02 -1.451E-02 0 1 8 9 10
20210410:210000 5 15 5 292 5 -6.095E-01 3.173E-02 -8.937E-03 1.272E-01 3.323E-02 -5.733E-01 1.484E-02 -5.257E-03 9.439E-02 3.186E-02 0 1 8 9 10
