20210314:090000 3 3 9 22 5 9.779E-02 1.439E-01 8.354E-04 -2.725E-02 -1.532E-02 9.672E-02 1.450E-01 -5.452E-05 -2.736E-02 -1.582E-02 0 1 8 9 10
20210315:090000 3 3 9 81 5 9.821E-02 1.438E-01 1.153E-03 -2.757E-02 -1.528E-02 9.779E-02 1.439E-01 8.354E-04 -2.725E-02 -1.532E-02 0 1 8 9 10
20210316:090000 3 3 9 29 5 9.992E-02 1.428E-01 2.430E-03 -2.702E-02 -1.440E-02 9.821E-02 1.438E-01 1.153E-03 -2.757E-02 -1.528E-02 0 1 8 9 10
20210317:090000 3 3 9 26 5 1.011E-01 1.417E-01 3.375E-03 -2.705E-02 -1.387E-02 9.992E-02 1.428E-01 2.430E-03 -2.702E-02 -1.440E-02 0 1 8 9 10
20210318:090000 3 3 9 20 5 1.016E-01 1.411E-01 3.557E-03 -2.735E-02 -1.390E-02 1.011E-01 1.417E-01 3.375E-03 -2.705E-02 -1.387E-02 0 1 8 9 10
20210319:090000 3 3 9 30 5 1.024E-01 1.400E-01 4.036E-03 -2.765E-02 -1.383E-02 1.016E-01 1.411E-01 3.557E-03 -2.735E-02 -1.390E-02 0 1 8 9 10
20210320:090000 3 3 9 67 5 1.040E-01 1.392E-01 5.117E-03 -2.760E-02 -1.335E-02 1.024E-01 1.400E-01 4.036E-03 -2.765E-02 -1.383E-02 0 1 8 9 10
20210321:090000 3 3 9 42 5 1.060E-01 1.381E-01 5.852E-03 -2.684E-02 -1.320E-02 1.040E-01 1.392E-01 5.117E-03 -2.760E-02 -1.335E-02 0 1 8 9 10
20210322:090000 3 3 9 28 5 1.077E-01 1.371E-01 6.931E-03 -2.684E-02 -1.268E-02 1.060E-01 1.381E-01 5.852E-03 -2.684E-02 -1.320E-02 0 1 8 9 10
20210323:090000 3 3 9 22 5 1.079E-01 1.370E-01 7.348E-03 -2.649E-02 -1.241E-02 1.077E-01 1.371E-01 6.931E-03 -2.684E-02 -1.268E-02 0 1 8 9 10
20210324:090000 3 3 9 68 5 1.106E-01 1.349E-01 7.113E-03 -2.766E-02 -1.317E-02 1.079E-01 1.370E-01 7.348E-03 -2.649E-02 -1.241E-02 0 1 8 9 10
20210325:090000 3 3 9 51 5 1.102E-01 1.351E-01 6.665E-03 -2.801E-02 -1.372E-02 1.106E-01 1.349E-01 7.113E-03 -2.766E-02 -1.317E-02 0 1 8 9 10
20210326:090000 3 3 9 33 5 1.115E-01 1.342E-01 7.364E-03 -2.775E-02 -1.329E-02 1.102E-01 1.351E-01 6.665E-03 -2.801E-02 -1.372E-02 0 1 8 9 10
20210327:090000 3 3 9 19 5 1.123E-01 1.335E-01 7.896E-03 -2.787E-02 -1.305E-02 1.115E-01 1.342E-01 7.364E-03 -2.775E-02 -1.329E-02 0 1 8 9 10
20210328:090000 3 3 9 9 5 1.121E-01 1.336E-01 7.852E-03 -2.776E-02 -1.310E-02 1.123E-01 1.335E-01 7.896E-03 -2.787E-02 -1.305E-02 0 1 8 9 10
20210329:090000 3 3 9 78 5 1.110E-01 1.338E-01 7.117E-03 -2.816E-02 -1.382E-02 1.121E-01 1.336E-01 7.852E-03 -2.776E-02 -1.310E-02 0 1 8 9 10
20210330:090000 3 3 9 53 5 1.110E-01 1.338E-01 7.080E-03 -2.846E-02 -1.416E-02 1.110E-01 1.338E-01 7.117E-03 -2.816E-02 -1.382E-02 0 1 8 9 10
20210331:090000 3 3 9 27 5 1.122E-01 1.335E-01 7.410E-03 -2.852E-02 -1.408E-02 1.110E-01 1.338E-01 7.080E-03 -2.846E-02 -1.416E-02 0 1 8 9 10
20210401:090000 3 3 9 20 5 1.128E-01 1.333E-01 7.476E-03 -2.907E-02 -1.417E-02 1.122E-01 1.335E-01 7.410E-03 -2.852E-02 -1.408E-02 0 1 8 9 10
20210402:090000 3 3 9 30 5 1.140E-01 1.328E-01 8.348E-03 -2.917E-02 -1.378E-02 1.128E-01 1.333E-01 7.476E-03 -2.907E-02 -1.417E-02 0 1 8 9 10
20210403:090000 3 3 9 94 5 1.148E-01 1.319E-01 8.744E-03 -2.891E-02 -1.374E-02 1.140E-01 1.328E-01 8.348E-03 -2.917E-02 -1.378E-02 0 1 8 9 10
20210404:090000 3 3 9 39 5 1.169E-01 1.309E-01 9.101E-03 -2.960E-02 -1.390E-02 1.148E-01 1.319E-01 8.744E-03 -2.891E-02 -1.374E-02 0 1 8 9 10
20210405:090000 3 3 9 74 5 1.201E-01 1.273E-01 1.056E-02 -3.005E-02 -1.340E-02 1.169E-01 1.309E-01 9.101E-03 -2.960E-02 -1.390E-02 0 1 8 9 10
20210406:090000 3 3 9 27 5 1.216E-01 1.256E-01 1.120E-02 -3.060E-02 -1.314E-02 1.201E-01 1.273E-01 1.056E-02 -3.005E-02 -1.340E-02 0 1 8 9 10
20210407:090000 3 3 9 21 5 1.219E-01 1.253E-01 1.124E-02 -3.090E-02 -1.323E-02 1.216E-01 1.256E-01 1.120E-02 -3.060E-02 -1.314E-02 0 1 8 9 10
20210408:090000 3 3 9 98 5 1.249E-01 1.224E-01 1.291E-02 -3.079E-02 -1.265E-02 1.219E-01 1.253E-01 1.124E-02 -3.090E-02 -1.323E-02 0 1 8 9 10
20210409:090000 3 3 9 46 5 1.276E-01 1.199E-01 1.424E-02 -3.020E-02 -1.189E-02 1.249E-01 1.224E-01 1.291E-02 -3.079E-02 -1.265E-02 0 1 8 9 10
20210410:090000 3 3 9 37 5 1.288E-01 1.192E-01 1.514E-02 -2.980E-02 -1.119E-02 1.276E-01 1.199E-01 1.424E-02 -3.020E-02 -1.189E-02 0 1 8 9 10
