20210314:120000 523 73 12 63 6 -7.247E-01 4.463E-01 -3.984E-01 -2.664E-01 1.219E-02 -2.557E-01 -7.198E-01 4.407E-01 -3.939E-01 -2.653E-01 1.338E-02 -2.539E-01 0 1 2 8 9 10
20210315:120000 523 73 12 59 6 -7.303E-01 4.522E-01 -4.033E-01 -2.691E-01 1.206E-02 -2.584E-01 -7.247E-01 4.463E-01 -3.984E-01 -2.664E-01 1.219E-02 -2.557E-01 0 1 2 8 9 10
20210316:120000 523 73 12 42 6 -7.323E-01 4.546E-01 -4.053E-01 -2.698E-01 1.285E-02 -2.585E-01 -7.303E-01 4.522E-01 -4.033E-01 -2.691E-01 1.206E-02 -2.584E-01 0 1 2 8 9 10
20210317:120000 523 73 12 18 6 -7.320E-01 4.544E-01 -4.051E-01 -2.692E-01 1.398E-02 -2.573E-01 -7.323E-01 4.546E-01 -4.053E-01 -2.698E-01 1.285E-02 -2.585E-01 0 1 2 8 9 10
20210318:120000 523 73 12 48 6 -7.395E-01 4.608E-01 -4.104E-01 -2.688E-01 1.740E-02 -2.557E-01 -7.320E-01 4.544E-01 -4.051E-01 -2.692E-01 1.398E-02 -2.573E-01 0 1 2 8 9 10
20210319:120000 523 73 12 75 6 -7.521E-01 4.701E-01 -4.173E-01 -2.701E-01 2.433E-02 -2.555E-01 -7.395E-01 4.608E-01 -4.104E-01 -2.688E-01 1.740E-02 -2.557E-01 0 1 2 8 9 10
20210320:120000 523 73 12 72 6 -7.619E-01 4.778E-01 -4.235E-01 -2.686E-01 3.351E-02 -2.514E-01 -7.521E-01 4.701E-01 -4.173E-01 -2.701E-01 2.433E-02 -2.555E-01 0 1 2 8 9 10
20210321:120000 523 73 12 46 6 -7.695E-01 4.831E-01 -4.280E-01 -2.755E-01 3.148E-02 -2.555E-01 -7.619E-01 4.778E-01 -4.235E-01 -2.686E-01 3.351E-02 -2.514E-01 0 1 2 8 9 10
20210322:120000 523 73 12 36 6 -7.784E-01 4.896E-01 -4.328E-01 -2.843E-01 2.544E-02 -2.646E-01 -7.695E-01 4.831E-01 -4.280E-01 -2.755E-01 3.148E-02 -2.555E-01 0 1 2 8 9 10
20210323:120000 523 73 12 19 6 -7.838E-01 4.931E-01 -4.353E-01 -2.916E-01 1.690E-02 -2.744E-01 -7.784E-01 4.896E-01 -4.328E-01 -2.843E-01 2.544E-02 -2.646E-01 0 1 2 8 9 10
20210324:120000 523 73 12 93 6 -8.086E-01 5.071E-01 -4.483E-01 -2.828E-01 3.214E-02 -2.695E-01 -7.838E-01 4.931E-01 -4.353E-01 -2.916E-01 1.690E-02 -2.744E-01 0 1 2 8 9 10
20210325:120000 523 73 12 77 6 -8.213E-01 5.153E-01 -4.570E-01 -2.831E-01 4.077E-02 -2.687E-01 -8.086E-01 5.071E-01 -4.483E-01 -2.828E-01 3.214E-02 -2.695E-01 0 1 2 8 9 10
20210326:120000 523 73 12 70 6 -8.291E-01 5.203E-01 -4.628E-01 -2.860E-01 4.568E-02 -2.679E-01 -8.213E-01 5.153E-01 -4.570E-01 -2.831E-01 4.077E-02 -2.687E-01 0 1 2 8 9 10
20210327:120000 523 73 12 52 6 -8.288E-01 5.188E-01 -4.621E-01 -2.832E-01 5.115E-02 -2.634E-01 -8.291E-01 5.203E-01 -4.628E-01 -2.860E-01 4.568E-02 -2.679E-01 0 1 2 8 9 10
20210328:120000 523 73 12 26 6 -8.304E-01 5.206E-01 -4.638E-01 -2.843E-01 5.234E-02 -2.624E-01 -8.288E-01 5.188E-01 -4.621E-01 -2.832E-01 5.115E-02 -2.634E-01 0 1 2 8 9 10
20210329:120000 523 73 12 84 6 -8.676E-01 5.287E-01 -4.799E-01 -2.717E-01 6.887E-02 -2.541E-01 -8.304E-01 5.206E-01 -4.638E-01 -2.843E-01 5.234E-02 -2.624E-01 0 1 2 8 9 10
20210330:120000 523 73 12 67 6 -8.842E-01 5.320E-01 -4.858E-01 -2.682E-01 8.561E-02 -2.490E-01 -8.676E-01 5.287E-01 -4.799E-01 -2.717E-01 6.887E-02 -2.541E-01 0 1 2 8 9 10
20210331:120000 523 73 12 69 6 -9.002E-01 5.365E-01 -4.946E-01 -2.743E-01 8.869E-02 -2.542E-01 -8.842E-01 5.320E-01 -4.858E-01 -2.682E-01 8.561E-02 -2.490E-01 0 1 2 8 9 10
20210401:120000 523 73 12 52 6 -9.086E-01 5.403E-01 -5.013E-01 -2.813E-01 8.740E-02 -2.585E-01 -9.002E-01 5.365E-01 -4.946E-01 -2.743E-01 8.869E-02 -2.542E-01 0 1 2 8 9 10
20210402:120000 523 73 12 33 6 -9.099E-01 5.414E-01 -5.026E-01 -2.826E-01 8.680E-02 -2.593E-01 -9.086E-01 5.403E-01 -5.013E-01 -2.813E-01 8.740E-02 -2.585E-01 0 1 2 8 9 10
20210403:120000 523 73 12 96 6 -9.246E-01 5.510E-01 -5.141E-01 -2.678E-01 9.839E-02 -2.456E-01 -9.099E-01 5.414E-01 -5.026E-01 -2.826E-01 8.680E-02 -2.593E-01 0 1 2 8 9 10
20210404:120000 523 73 12 84 6 -9.382E-01 5.589E-01 -5.238E-01 -2.664E-01 1.085E-01 -2.439E-01 -9.246E-01 5.510E-01 -5.141E-01 -2.678E-01 9.839E-02 -2.456E-01 0 1 2 8 9 10
20210405:120000 523 73 12 57 6 -9.435E-01 5.607E-01 -5.271E-01 -2.693E-01 1.087E-01 -2.464E-01 -9.382E-01 5.589E-01 -5.238E-01 -2.664E-01 1.085E-01 -2.439E-01 0 1 2 8 9 10
20210406:120000 523 73 12 33 6 -9.420E-01 5.588E-01 -5.257E-01 -2.671E-01 1.112E-01 -2.436E-01 -9.435E-01 5.607E-01 -5.271E-01 -2.693E-01 1.087E-01 -2.464E-01 0 1 2 8 9 10
20210407:120000 523 73 12 17 6 -9.419E-01 5.587E-01 -5.256E-01 -2.670E-01 1.111E-01 -2.437E-01 -9.420E-01 5.588E-01 -5.257E-01 -2.671E-01 1.112E-01 -2.436E-01 0 1 2 8 9 10
20210408:120000 523 73 12 43 6 -9.501E-01 5.642E-01 -5.308E-01 -2.665E-01 1.121E-01 -2.439E-01 -9.419E-01 5.587E-01 -5.256E-01 -2.670E-01 1.111E-01 -2.437E-01 0 1 2 8 9 10
20210409:120000 523 73 12 78 6 -9.627E-01 5.715E-01 -5.398E-01 -2.616E-01 1.208E-01 -2.408E-01 -9.501E-01 5.642E-01 -5.308E-01 -2.665E-01 1.121E-01 -2.439E-01 0 1 2 8 9 10
20210410:120000 523 73 12 50 6 -9.700E-01 5.759E-01 -5.463E-01 -2.645E-01 1.219E-01 -2.431E-01 -9.627E-01 5.715E-01 -5.398E-01 -2.616E-01 1.208E-01 -2.408E-01 0 1 2 8 9 10
