20210314:030000 523 73 6 65 4 1.310E+00 1.462E-01 3.996E-02 1.247E-01 1.297E+00 1.494E-01 4.786E-02 1.268E-01 0 8 9 10
20210315:030000 523 73 6 91 4 1.332E+00 1.367E-01 3.416E-02 1.165E-01 1.310E+00 1.462E-01 3.996E-02 1.247E-01 0 8 9 10
20210316:030000 523 73 6 90 4 1.348E+00 1.287E-01 3.662E-02 1.077E-01 1.332E+00 1.367E-01 3.416E-02 1.165E-01 0 8 9 10
20210317:030000 523 73 6 54 4 1.352E+00 1.306E-01 3.458E-02 1.081E-01 1.348E+00 1.287E-01 3.662E-02 1.077E-01 0 8 9 10
20210318:030000 523 73 6 59 4 1.363E+00 1.364E-01 3.236E-02 1.112E-01 1.352E+00 1.306E-01 3.458E-02 1.081E-01 0 8 9 10
20210319:030000 523 73 6 72 4 1.373E+00 1.324E-01 2.691E-02 1.087E-01 1.363E+00 1.364E-01 3.236E-02 1.112E-01 0 8 9 10
20210320:030000 523 73 6 71 4 1.389E+00 1.244E-01 1.707E-02 1.023E-01 1.373E+00 1.324E-01 2.691E-02 1.087E-01 0 8 9 10
20210321:030000 523 73 6 79 4 1.405E+00 1.136E-01 1.613E-02 9.144E-02 1.389E+00 1.244E-01 1.707E-02 1.023E-01 0 8 9 10
20210322:030000 523 73 6 65 4 1.423E+00 1.193E-01 2.412E-02 9.789E-02 1.405E+00 1.136E-01 1.613E-02 9.144E-02 0 8 9 10
20210323:030000 523 73 6 49 4 1.430E+00 1.235E-01 2.401E-02 1.012E-01 1.423E+00 1.193E-01 2.412E-02 9.789E-02 0 8 9 10
20210324:030000 523 73 6 70 4 1.441E+00 1.320E-01 3.193E-02 1.137E-01 1.430E+00 1.235E-01 2.401E-02 1.012E-01 0 8 9 10
20210325:030000 523 73 6 85 4 1.452E+00 1.322E-01 3.198E-02 1.158E-01 1.441E+00 1.320E-01 3.193E-02 1.137E-01 0 8 9 10
20210326:030000 523 73 6 97 4 1.460E+00 1.222E-01 3.048E-02 1.065E-01 1.452E+00 1.322E-01 3.198E-02 1.158E-01 0 8 9 10
20210327:030000 523 73 6 94 4 1.475E+00 1.083E-01 4.048E-02 8.895E-02 1.460E+00 1.222E-01 3.048E-02 1.065E-01 0 8 9 10
20210328:030000 523 73 6 53 4 1.478E+00 1.095E-01 3.867E-02 8.836E-02 1.475E+00 1.083E-01 4.048E-02 8.895E-02 0 8 9 10
20210329:030000 523 73 6 71 4 1.483E+00 1.141E-01 4.088E-02 9.218E-02 1.478E+00 1.095E-01 3.867E-02 8.836E-02 0 8 9 10
20210330:030000 523 73 6 79 4 1.493E+00 1.183E-01 4.323E-02 9.700E-02 1.483E+00 1.141E-01 4.088E-02 9.218E-02 0 8 9 10
20210331:030000 523 73 6 82 4 1.505E+00 1.145E-01 4.168E-02 9.378E-02 1.493E+00 1.183E-01 4.323E-02 9.700E-02 0 8 9 10
20210401:030000 523 73 6 101 4 1.524E+00 1.056E-01 4.334E-02 8.294E-02 1.505E+00 1.145E-01 4.168E-02 9.378E-02 0 8 9 10
20210402:030000 523 73 6 54 4 1.525E+00 1.050E-01 4.089E-02 8.070E-02 1.524E+00 1.056E-01 4.334E-02 8.294E-02 0 8 9 10
20210403:030000 523 73 6 70 4 1.534E+00 1.097E-01 3.920E-02 8.483E-02 1.525E+00 1.050E-01 4.089E-02 8.070E-02 0 8 9 10
20210404:030000 523 73 6 64 4 1.547E+00 1.079E-01 3.726E-02 8.707E-02 1.534E+00 1.097E-01 3.920E-02 8.483E-02 0 8 9 10
20210405:030000 523 73 6 60 4 1.549E+00 1.041E-01 3.562E-02 8.411E-02 1.547E+00 1.079E-01 3.726E-02 8.707E-02 0 8 9 10
20210406:030000 523 73 6 68 4 1.553E+00 9.421E-02 3.451E-02 7.404E-02 1.549E+00 1.041E-01 3.562E-02 8.411E-02 0 8 9 10
20210407:030000 523 73 6 36 4 1.554E+00 9.437E-02 3.306E-02 7.335E-02 1.553E+00 9.421E-02 3.451E-02 7.404E-02 0 8 9 10
20210408:030000 523 73 6 37 4 1.557E+00 9.644E-02 3.326E-02 7.504E-02 1.554E+00 9.437E-02 3.306E-02 7.335E-02 0 8 9 10
20210409:030000 523 73 6 50 4 1.560E+00 9.716E-02 3.109E-02 7.500E-02 1.557E+00 9.644E-02 3.326E-02 7.504E-02 0 8 9 10
20210410:030000 523 73 6 43 4 1.563E+00 9.493E-02 3.108E-02 7.329E-02 1.560E+00 9.716E-02 3.109E-02 7.500E-02 0 8 9 10
