20210314:120000 523 73 5 67 4 -7.362E-02 -8.320E-03 2.527E-02 8.508E-04 -7.657E-02 -9.745E-03 2.707E-02 4.672E-04 0 8 9 10
20210315:120000 523 73 5 59 4 -7.626E-02 -1.064E-02 2.475E-02 -5.904E-04 -7.362E-02 -8.320E-03 2.527E-02 8.508E-04 0 8 9 10
20210316:120000 523 73 5 43 4 -7.695E-02 -1.074E-02 2.475E-02 -1.033E-03 -7.626E-02 -1.064E-02 2.475E-02 -5.904E-04 0 8 9 10
20210317:120000 523 73 5 18 4 -7.711E-02 -1.052E-02 2.577E-02 -9.870E-05 -7.695E-02 -1.074E-02 2.475E-02 -1.033E-03 0 8 9 10
20210318:120000 523 73 5 48 4 -7.939E-02 -9.916E-03 2.600E-02 -5.581E-04 -7.711E-02 -1.052E-02 2.577E-02 -9.870E-05 0 8 9 10
20210319:120000 523 73 5 75 4 -8.334E-02 -1.007E-02 2.746E-02 -7.559E-04 -7.939E-02 -9.916E-03 2.600E-02 -5.581E-04 0 8 9 10
20210320:120000 523 73 5 73 4 -8.529E-02 -1.221E-02 2.434E-02 -4.625E-03 -8.334E-02 -1.007E-02 2.746E-02 -7.559E-04 0 8 9 10
20210321:120000 523 73 5 46 4 -9.091E-02 -1.656E-02 2.382E-02 -7.403E-03 -8.529E-02 -1.221E-02 2.434E-02 -4.625E-03 0 8 9 10
20210322:120000 523 73 5 36 4 -9.151E-02 -1.730E-02 2.301E-02 -8.419E-03 -9.091E-02 -1.656E-02 2.382E-02 -7.403E-03 0 8 9 10
20210323:120000 523 73 5 19 4 -9.316E-02 -2.010E-02 1.854E-02 -1.336E-02 -9.151E-02 -1.730E-02 2.301E-02 -8.419E-03 0 8 9 10
20210324:120000 523 73 5 93 4 -9.945E-02 -1.928E-02 1.917E-02 -1.307E-02 -9.316E-02 -2.010E-02 1.854E-02 -1.336E-02 0 8 9 10
20210325:120000 523 73 5 78 4 -1.016E-01 -1.967E-02 1.861E-02 -1.385E-02 -9.945E-02 -1.928E-02 1.917E-02 -1.307E-02 0 8 9 10
20210326:120000 523 73 5 70 4 -1.061E-01 -2.076E-02 2.261E-02 -1.234E-02 -1.016E-01 -1.967E-02 1.861E-02 -1.385E-02 0 8 9 10
20210327:120000 523 73 5 52 4 -1.069E-01 -2.152E-02 2.320E-02 -1.150E-02 -1.061E-01 -2.076E-02 2.261E-02 -1.234E-02 0 8 9 10
20210328:120000 523 73 5 27 4 -1.045E-01 -1.755E-02 2.892E-02 -5.254E-03 -1.069E-01 -2.152E-02 2.320E-02 -1.150E-02 0 8 9 10
20210329:120000 523 73 5 84 4 -1.087E-01 -1.345E-02 3.104E-02 -4.019E-03 -1.045E-01 -1.755E-02 2.892E-02 -5.254E-03 0 8 9 10
20210330:120000 523 73 5 70 4 -1.099E-01 -1.055E-02 3.311E-02 -2.395E-03 -1.087E-01 -1.345E-02 3.104E-02 -4.019E-03 0 8 9 10
20210331:120000 523 73 5 70 4 -1.114E-01 -1.041E-02 3.486E-02 -1.589E-03 -1.099E-01 -1.055E-02 3.311E-02 -2.395E-03 0 8 9 10
20210401:120000 523 73 5 52 4 -1.140E-01 -1.403E-02 2.998E-02 -7.332E-03 -1.114E-01 -1.041E-02 3.486E-02 -1.589E-03 0 8 9 10
20210402:120000 523 73 5 33 4 -1.145E-01 -1.441E-02 3.004E-02 -7.464E-03 -1.140E-01 -1.403E-02 2.998E-02 -7.332E-03 0 8 9 10
20210403:120000 523 73 5 97 4 -1.178E-01 -8.759E-03 2.896E-02 -1.397E-03 -1.145E-01 -1.441E-02 3.004E-02 -7.464E-03 0 8 9 10
20210404:120000 523 73 5 84 4 -1.204E-01 -1.257E-02 2.175E-02 -8.529E-03 -1.178E-01 -8.759E-03 2.896E-02 -1.397E-03 0 8 9 10
20210405:120000 523 73 5 57 4 -1.254E-01 -1.567E-02 1.933E-02 -1.259E-02 -1.204E-01 -1.257E-02 2.175E-02 -8.529E-03 0 8 9 10
20210406:120000 523 73 5 34 4 -1.247E-01 -1.442E-02 2.107E-02 -1.080E-02 -1.254E-01 -1.567E-02 1.933E-02 -1.259E-02 0 8 9 10
20210407:120000 523 73 5 17 4 -1.253E-01 -1.489E-02 2.092E-02 -1.129E-02 -1.247E-01 -1.442E-02 2.107E-02 -1.080E-02 0 8 9 10
20210408:120000 523 73 5 43 4 -1.286E-01 -1.621E-02 1.755E-02 -1.440E-02 -1.253E-01 -1.489E-02 2.092E-02 -1.129E-02 0 8 9 10
20210409:120000 523 73 5 78 4 -1.292E-01 -1.589E-02 1.727E-02 -1.420E-02 -1.286E-01 -1.621E-02 1.755E-02 -1.440E-02 0 8 9 10
20210410:120000 523 73 5 52 4 -1.311E-01 -1.545E-02 1.819E-02 -1.412E-02 -1.292E-01 -1.589E-02 1.727E-02 -1.420E-02 0 8 9 10
