20210314:120000 523 73 11 67 6 -7.753E-01 4.496E-01 -4.124E-01 -2.989E-01 3.665E-03 -2.832E-01 -7.669E-01 4.402E-01 -4.047E-01 -2.969E-01 4.154E-03 -2.799E-01 0 1 2 8 9 10
20210315:120000 523 73 11 59 6 -7.803E-01 4.556E-01 -4.175E-01 -2.993E-01 7.834E-03 -2.817E-01 -7.753E-01 4.496E-01 -4.124E-01 -2.989E-01 3.665E-03 -2.832E-01 0 1 2 8 9 10
20210316:120000 523 73 11 43 6 -7.823E-01 4.575E-01 -4.191E-01 -3.015E-01 6.174E-03 -2.839E-01 -7.803E-01 4.556E-01 -4.175E-01 -2.993E-01 7.834E-03 -2.817E-01 0 1 2 8 9 10
20210317:120000 523 73 11 18 6 -7.835E-01 4.585E-01 -4.200E-01 -3.034E-01 3.441E-03 -2.870E-01 -7.823E-01 4.575E-01 -4.191E-01 -3.015E-01 6.174E-03 -2.839E-01 0 1 2 8 9 10
20210318:120000 523 73 11 48 6 -7.927E-01 4.672E-01 -4.271E-01 -3.042E-01 5.809E-03 -2.882E-01 -7.835E-01 4.585E-01 -4.200E-01 -3.034E-01 3.441E-03 -2.870E-01 0 1 2 8 9 10
20210319:120000 523 73 11 75 6 -8.083E-01 4.784E-01 -4.353E-01 -3.020E-01 1.681E-02 -2.854E-01 -7.927E-01 4.672E-01 -4.271E-01 -3.042E-01 5.809E-03 -2.882E-01 0 1 2 8 9 10
20210320:120000 523 73 11 73 6 -8.174E-01 4.862E-01 -4.416E-01 -2.995E-01 2.690E-02 -2.791E-01 -8.083E-01 4.784E-01 -4.353E-01 -3.020E-01 1.681E-02 -2.854E-01 0 1 2 8 9 10
20210321:120000 523 73 11 46 6 -8.268E-01 4.926E-01 -4.468E-01 -3.081E-01 2.311E-02 -2.859E-01 -8.174E-01 4.862E-01 -4.416E-01 -2.995E-01 2.690E-02 -2.791E-01 0 1 2 8 9 10
20210322:120000 523 73 11 36 6 -8.353E-01 4.986E-01 -4.511E-01 -3.173E-01 1.500E-02 -2.969E-01 -8.268E-01 4.926E-01 -4.468E-01 -3.081E-01 2.311E-02 -2.859E-01 0 1 2 8 9 10
20210323:120000 523 73 11 19 6 -8.393E-01 5.011E-01 -4.528E-01 -3.226E-01 9.289E-03 -3.034E-01 -8.353E-01 4.986E-01 -4.511E-01 -3.173E-01 1.500E-02 -2.969E-01 0 1 2 8 9 10
20210324:120000 523 73 11 93 6 -8.691E-01 5.181E-01 -4.689E-01 -3.088E-01 3.139E-02 -2.936E-01 -8.393E-01 5.011E-01 -4.528E-01 -3.226E-01 9.289E-03 -3.034E-01 0 1 2 8 9 10
20210325:120000 523 73 11 78 6 -8.849E-01 5.284E-01 -4.798E-01 -3.057E-01 4.954E-02 -2.876E-01 -8.691E-01 5.181E-01 -4.689E-01 -3.088E-01 3.139E-02 -2.936E-01 0 1 2 8 9 10
20210326:120000 523 73 11 70 6 -8.964E-01 5.356E-01 -4.886E-01 -3.120E-01 5.223E-02 -2.905E-01 -8.849E-01 5.284E-01 -4.798E-01 -3.057E-01 4.954E-02 -2.876E-01 0 1 2 8 9 10
20210327:120000 523 73 11 52 6 -8.947E-01 5.327E-01 -4.866E-01 -3.065E-01 6.137E-02 -2.823E-01 -8.964E-01 5.356E-01 -4.886E-01 -3.120E-01 5.223E-02 -2.905E-01 0 1 2 8 9 10
20210328:120000 523 73 11 27 6 -8.953E-01 5.338E-01 -4.872E-01 -3.063E-01 6.405E-02 -2.795E-01 -8.947E-01 5.327E-01 -4.866E-01 -3.065E-01 6.137E-02 -2.823E-01 0 1 2 8 9 10
20210329:120000 523 73 11 84 6 -9.426E-01 5.441E-01 -5.071E-01 -2.947E-01 7.840E-02 -2.738E-01 -8.953E-01 5.338E-01 -4.872E-01 -3.063E-01 6.405E-02 -2.795E-01 0 1 2 8 9 10
20210330:120000 523 73 11 70 6 -9.709E-01 5.494E-01 -5.168E-01 -2.928E-01 9.999E-02 -2.702E-01 -9.426E-01 5.441E-01 -5.071E-01 -2.947E-01 7.840E-02 -2.738E-01 0 1 2 8 9 10
20210331:120000 523 73 11 70 6 -9.859E-01 5.539E-01 -5.257E-01 -2.975E-01 1.049E-01 -2.733E-01 -9.709E-01 5.494E-01 -5.168E-01 -2.928E-01 9.999E-02 -2.702E-01 0 1 2 8 9 10
20210401:120000 523 73 11 52 6 -9.973E-01 5.592E-01 -5.345E-01 -3.076E-01 1.009E-01 -2.812E-01 -9.859E-01 5.539E-01 -5.257E-01 -2.975E-01 1.049E-01 -2.733E-01 0 1 2 8 9 10
20210402:120000 523 73 11 33 6 -9.977E-01 5.599E-01 -5.351E-01 -3.077E-01 1.015E-01 -2.805E-01 -9.973E-01 5.592E-01 -5.345E-01 -3.076E-01 1.009E-01 -2.812E-01 0 1 2 8 9 10
20210403:120000 523 73 11 97 6 -1.016E+00 5.719E-01 -5.491E-01 -2.938E-01 1.109E-01 -2.693E-01 -9.977E-01 5.599E-01 -5.351E-01 -3.077E-01 1.015E-01 -2.805E-01 0 1 2 8 9 10
20210404:120000 523 73 11 84 6 -1.029E+00 5.792E-01 -5.578E-01 -2.897E-01 1.218E-01 -2.663E-01 -1.016E+00 5.719E-01 -5.491E-01 -2.938E-01 1.109E-01 -2.693E-01 0 1 2 8 9 10
20210405:120000 523 73 11 57 6 -1.035E+00 5.816E-01 -5.620E-01 -2.936E-01 1.224E-01 -2.688E-01 -1.029E+00 5.792E-01 -5.578E-01 -2.897E-01 1.218E-01 -2.663E-01 0 1 2 8 9 10
20210406:120000 523 73 11 34 6 -1.032E+00 5.783E-01 -5.592E-01 -2.910E-01 1.251E-01 -2.652E-01 -1.035E+00 5.816E-01 -5.620E-01 -2.936E-01 1.224E-01 -2.688E-01 0 1 2 8 9 10
20210407:120000 523 73 11 17 6 -1.031E+00 5.773E-01 -5.585E-01 -2.902E-01 1.256E-01 -2.646E-01 -1.032E+00 5.783E-01 -5.592E-01 -2.910E-01 1.251E-01 -2.652E-01 0 1 2 8 9 10
20210408:120000 523 73 11 43 6 -1.042E+00 5.842E-01 -5.654E-01 -2.880E-01 1.271E-01 -2.636E-01 -1.031E+00 5.773E-01 -5.585E-01 -2.902E-01 1.256E-01 -2.646E-01 0 1 2 8 9 10
20210409:120000 523 73 11 78 6 -1.051E+00 5.893E-01 -5.718E-01 -2.803E-01 1.363E-01 -2.583E-01 -1.042E+00 5.842E-01 -5.654E-01 -2.880E-01 1.271E-01 -2.636E-01 0 1 2 8 9 10
20210410:120000 523 73 11 52 6 -1.056E+00 5.916E-01 -5.761E-01 -2.819E-01 1.374E-01 -2.595E-01 -1.051E+00 5.893E-01 -5.718E-01 -2.803E-01 1.363E-01 -2.583E-01 0 1 2 8 9 10
