20210314:090000 3 15 3 109 5 4.789E-01 4.656E-02 7.979E-02 -1.920E-01 -8.748E-02 4.753E-01 4.975E-02 7.852E-02 -1.895E-01 -8.728E-02 0 1 8 9 10
20210315:090000 3 15 3 291 5 4.747E-01 4.875E-02 7.139E-02 -1.852E-01 -9.012E-02 4.789E-01 4.656E-02 7.979E-02 -1.920E-01 -8.748E-02 0 1 8 9 10
20210316:090000 3 15 3 284 5 4.660E-01 5.549E-02 7.161E-02 -1.707E-01 -8.818E-02 4.747E-01 4.875E-02 7.139E-02 -1.852E-01 -9.012E-02 0 1 8 9 10
20210317:090000 3 15 3 219 5 4.672E-01 5.339E-02 6.995E-02 -1.708E-01 -8.941E-02 4.660E-01 5.549E-02 7.161E-02 -1.707E-01 -8.818E-02 0 1 8 9 10
20210318:090000 3 15 3 169 5 4.661E-01 5.544E-02 7.192E-02 -1.659E-01 -8.683E-02 4.672E-01 5.339E-02 6.995E-02 -1.708E-01 -8.941E-02 0 1 8 9 10
20210319:090000 3 15 3 140 5 4.627E-01 5.643E-02 6.799E-02 -1.603E-01 -8.768E-02 4.661E-01 5.544E-02 7.192E-02 -1.659E-01 -8.683E-02 0 1 8 9 10
20210320:090000 3 15 3 260 5 4.855E-01 4.490E-02 7.669E-02 -1.658E-01 -8.549E-02 4.627E-01 5.643E-02 6.799E-02 -1.603E-01 -8.768E-02 0 1 8 9 10
20210321:090000 3 15 3 281 5 4.900E-01 4.194E-02 7.541E-02 -1.518E-01 -8.789E-02 4.855E-01 4.490E-02 7.669E-02 -1.658E-01 -8.549E-02 0 1 8 9 10
20210322:090000 3 15 3 201 5 4.803E-01 4.672E-02 7.199E-02 -1.420E-01 -8.765E-02 4.900E-01 4.194E-02 7.541E-02 -1.518E-01 -8.789E-02 0 1 8 9 10
20210323:090000 3 15 3 159 5 4.794E-01 4.771E-02 7.270E-02 -1.387E-01 -8.553E-02 4.803E-01 4.672E-02 7.199E-02 -1.420E-01 -8.765E-02 0 1 8 9 10
20210324:090000 3 15 3 229 5 4.892E-01 3.908E-02 7.416E-02 -1.455E-01 -8.765E-02 4.794E-01 4.771E-02 7.270E-02 -1.387E-01 -8.553E-02 0 1 8 9 10
20210325:090000 3 15 3 259 5 4.971E-01 3.318E-02 6.695E-02 -1.464E-01 -9.442E-02 4.892E-01 3.908E-02 7.416E-02 -1.455E-01 -8.765E-02 0 1 8 9 10
20210326:090000 3 15 3 266 5 4.947E-01 3.383E-02 6.824E-02 -1.340E-01 -9.278E-02 4.971E-01 3.318E-02 6.695E-02 -1.464E-01 -9.442E-02 0 1 8 9 10
20210327:090000 3 15 3 201 5 5.014E-01 2.804E-02 6.701E-02 -1.400E-01 -9.432E-02 4.947E-01 3.383E-02 6.824E-02 -1.340E-01 -9.278E-02 0 1 8 9 10
20210328:090000 3 15 3 158 5 5.080E-01 2.315E-02 7.355E-02 -1.373E-01 -8.992E-02 5.014E-01 2.804E-02 6.701E-02 -1.400E-01 -9.432E-02 0 1 8 9 10
20210329:090000 3 15 3 250 5 4.948E-01 2.824E-02 6.110E-02 -1.267E-01 -9.506E-02 5.080E-01 2.315E-02 7.355E-02 -1.373E-01 -8.992E-02 0 1 8 9 10
20210330:090000 3 15 3 250 5 4.944E-01 2.859E-02 5.531E-02 -1.267E-01 -9.922E-02 4.948E-01 2.824E-02 6.110E-02 -1.267E-01 -9.506E-02 0 1 8 9 10
20210331:090000 3 15 3 271 5 5.008E-01 2.577E-02 5.548E-02 -1.290E-01 -9.870E-02 4.944E-01 2.859E-02 5.531E-02 -1.267E-01 -9.922E-02 0 1 8 9 10
20210401:090000 3 15 3 190 5 4.937E-01 2.878E-02 5.135E-02 -1.249E-01 -9.933E-02 5.008E-01 2.577E-02 5.548E-02 -1.290E-01 -9.870E-02 0 1 8 9 10
20210402:090000 3 15 3 142 5 4.919E-01 2.898E-02 5.287E-02 -1.198E-01 -9.684E-02 4.937E-01 2.878E-02 5.135E-02 -1.249E-01 -9.933E-02 0 1 8 9 10
20210403:090000 3 15 3 256 5 4.987E-01 2.511E-02 5.542E-02 -1.187E-01 -9.464E-02 4.919E-01 2.898E-02 5.287E-02 -1.198E-01 -9.684E-02 0 1 8 9 10
20210404:090000 3 15 3 243 5 4.993E-01 2.563E-02 6.032E-02 -1.108E-01 -9.232E-02 4.987E-01 2.511E-02 5.542E-02 -1.187E-01 -9.464E-02 0 1 8 9 10
20210405:090000 3 15 3 239 5 5.075E-01 1.777E-02 6.121E-02 -1.130E-01 -9.112E-02 4.993E-01 2.563E-02 6.032E-02 -1.108E-01 -9.232E-02 0 1 8 9 10
20210406:090000 3 15 3 181 5 5.105E-01 1.731E-02 5.784E-02 -1.181E-01 -9.327E-02 5.075E-01 1.777E-02 6.121E-02 -1.130E-01 -9.112E-02 0 1 8 9 10
20210407:090000 3 15 3 117 5 5.096E-01 1.838E-02 5.706E-02 -1.185E-01 -9.405E-02 5.105E-01 1.731E-02 5.784E-02 -1.181E-01 -9.327E-02 0 1 8 9 10
20210408:090000 3 15 3 276 5 4.858E-01 2.833E-02 5.263E-02 -9.794E-02 -9.221E-02 5.096E-01 1.838E-02 5.706E-02 -1.185E-01 -9.405E-02 0 1 8 9 10
20210409:090000 3 15 3 299 5 4.785E-01 3.396E-02 5.708E-02 -9.367E-02 -8.625E-02 4.858E-01 2.833E-02 5.263E-02 -9.794E-02 -9.221E-02 0 1 8 9 10
20210410:090000 3 15 3 240 5 4.720E-01 3.917E-02 5.594E-02 -8.837E-02 -8.413E-02 4.785E-01 3.396E-02 5.708E-02 -9.367E-02 -8.625E-02 0 1 8 9 10
