20210314:030000 523 73 13 65 6 -2.700E-01 1.400E-01 -1.314E-01 -8.196E-02 2.075E-01 -1.699E-01 -2.675E-01 1.376E-01 -1.297E-01 -8.218E-02 2.035E-01 -1.707E-01 0 1 2 8 9 10
20210315:030000 523 73 13 91 6 -2.790E-01 1.462E-01 -1.363E-01 -7.334E-02 2.073E-01 -1.629E-01 -2.700E-01 1.400E-01 -1.314E-01 -8.196E-02 2.075E-01 -1.699E-01 0 1 2 8 9 10
20210316:030000 523 73 13 90 6 -2.885E-01 1.529E-01 -1.415E-01 -6.798E-02 2.031E-01 -1.597E-01 -2.790E-01 1.462E-01 -1.363E-01 -7.334E-02 2.073E-01 -1.629E-01 0 1 2 8 9 10
20210317:030000 523 73 13 54 6 -2.927E-01 1.556E-01 -1.440E-01 -7.062E-02 2.031E-01 -1.620E-01 -2.885E-01 1.529E-01 -1.415E-01 -6.798E-02 2.031E-01 -1.597E-01 0 1 2 8 9 10
20210318:030000 523 73 13 59 6 -3.058E-01 1.641E-01 -1.511E-01 -8.008E-02 2.003E-01 -1.704E-01 -2.927E-01 1.556E-01 -1.440E-01 -7.062E-02 2.031E-01 -1.620E-01 0 1 2 8 9 10
20210319:030000 523 73 13 72 6 -3.209E-01 1.715E-01 -1.567E-01 -8.098E-02 2.080E-01 -1.696E-01 -3.058E-01 1.641E-01 -1.511E-01 -8.008E-02 2.003E-01 -1.704E-01 0 1 2 8 9 10
20210320:030000 523 73 13 71 6 -3.280E-01 1.757E-01 -1.597E-01 -7.944E-02 2.093E-01 -1.684E-01 -3.209E-01 1.715E-01 -1.567E-01 -8.098E-02 2.080E-01 -1.696E-01 0 1 2 8 9 10
20210321:030000 523 73 13 79 6 -3.389E-01 1.828E-01 -1.655E-01 -7.425E-02 2.069E-01 -1.621E-01 -3.280E-01 1.757E-01 -1.597E-01 -7.944E-02 2.093E-01 -1.684E-01 0 1 2 8 9 10
20210322:030000 523 73 13 65 6 -3.479E-01 1.876E-01 -1.689E-01 -7.233E-02 2.032E-01 -1.599E-01 -3.389E-01 1.828E-01 -1.655E-01 -7.425E-02 2.069E-01 -1.621E-01 0 1 2 8 9 10
20210323:030000 523 73 13 49 6 -3.535E-01 1.905E-01 -1.710E-01 -7.630E-02 2.003E-01 -1.654E-01 -3.479E-01 1.876E-01 -1.689E-01 -7.233E-02 2.032E-01 -1.599E-01 0 1 2 8 9 10
20210324:030000 523 73 13 70 6 -3.564E-01 1.923E-01 -1.730E-01 -7.581E-02 2.031E-01 -1.645E-01 -3.535E-01 1.905E-01 -1.710E-01 -7.630E-02 2.003E-01 -1.654E-01 0 1 2 8 9 10
20210325:030000 523 73 13 85 6 -3.623E-01 1.969E-01 -1.780E-01 -7.576E-02 2.027E-01 -1.643E-01 -3.564E-01 1.923E-01 -1.730E-01 -7.581E-02 2.031E-01 -1.645E-01 0 1 2 8 9 10
20210326:030000 523 73 13 97 6 -3.677E-01 2.008E-01 -1.824E-01 -7.449E-02 2.026E-01 -1.616E-01 -3.623E-01 1.969E-01 -1.780E-01 -7.576E-02 2.027E-01 -1.643E-01 0 1 2 8 9 10
20210327:030000 523 73 13 94 6 -3.676E-01 2.010E-01 -1.822E-01 -7.043E-02 2.009E-01 -1.596E-01 -3.677E-01 2.008E-01 -1.824E-01 -7.449E-02 2.026E-01 -1.616E-01 0 1 2 8 9 10
20210328:030000 523 73 13 53 6 -3.712E-01 2.029E-01 -1.847E-01 -7.279E-02 2.012E-01 -1.613E-01 -3.676E-01 2.010E-01 -1.822E-01 -7.043E-02 2.009E-01 -1.596E-01 0 1 2 8 9 10
20210329:030000 523 73 13 71 6 -3.868E-01 2.067E-01 -1.929E-01 -7.908E-02 2.033E-01 -1.663E-01 -3.712E-01 2.029E-01 -1.847E-01 -7.279E-02 2.012E-01 -1.613E-01 0 1 2 8 9 10
20210330:030000 523 73 13 79 6 -3.919E-01 2.078E-01 -1.946E-01 -8.398E-02 1.979E-01 -1.710E-01 -3.868E-01 2.067E-01 -1.929E-01 -7.908E-02 2.033E-01 -1.663E-01 0 1 2 8 9 10
20210331:030000 523 73 13 82 6 -4.006E-01 2.106E-01 -1.999E-01 -8.278E-02 1.995E-01 -1.663E-01 -3.919E-01 2.078E-01 -1.946E-01 -8.398E-02 1.979E-01 -1.710E-01 0 1 2 8 9 10
20210401:030000 523 73 13 101 6 -4.129E-01 2.165E-01 -2.086E-01 -7.522E-02 2.021E-01 -1.589E-01 -4.006E-01 2.106E-01 -1.999E-01 -8.278E-02 1.995E-01 -1.663E-01 0 1 2 8 9 10
20210402:030000 523 73 13 54 6 -4.147E-01 2.176E-01 -2.099E-01 -7.671E-02 2.018E-01 -1.600E-01 -4.129E-01 2.165E-01 -2.086E-01 -7.522E-02 2.021E-01 -1.589E-01 0 1 2 8 9 10
20210403:030000 523 73 13 70 6 -4.188E-01 2.201E-01 -2.125E-01 -7.934E-02 2.022E-01 -1.619E-01 -4.147E-01 2.176E-01 -2.099E-01 -7.671E-02 2.018E-01 -1.600E-01 0 1 2 8 9 10
20210404:030000 523 73 13 64 6 -4.216E-01 2.216E-01 -2.140E-01 -8.087E-02 2.014E-01 -1.634E-01 -4.188E-01 2.201E-01 -2.125E-01 -7.934E-02 2.022E-01 -1.619E-01 0 1 2 8 9 10
20210405:030000 523 73 13 60 6 -4.292E-01 2.253E-01 -2.187E-01 -7.856E-02 2.038E-01 -1.610E-01 -4.216E-01 2.216E-01 -2.140E-01 -8.087E-02 2.014E-01 -1.634E-01 0 1 2 8 9 10
20210406:030000 523 73 13 68 6 -4.284E-01 2.237E-01 -2.175E-01 -7.821E-02 2.086E-01 -1.608E-01 -4.292E-01 2.253E-01 -2.187E-01 -7.856E-02 2.038E-01 -1.610E-01 0 1 2 8 9 10
20210407:030000 523 73 13 36 6 -4.313E-01 2.264E-01 -2.190E-01 -8.073E-02 2.074E-01 -1.629E-01 -4.284E-01 2.237E-01 -2.175E-01 -7.821E-02 2.086E-01 -1.608E-01 0 1 2 8 9 10
20210408:030000 523 73 13 37 6 -4.347E-01 2.288E-01 -2.204E-01 -8.102E-02 2.106E-01 -1.622E-01 -4.313E-01 2.264E-01 -2.190E-01 -8.073E-02 2.074E-01 -1.629E-01 0 1 2 8 9 10
20210409:030000 523 73 13 50 6 -4.358E-01 2.291E-01 -2.210E-01 -8.108E-02 2.118E-01 -1.619E-01 -4.347E-01 2.288E-01 -2.204E-01 -8.102E-02 2.106E-01 -1.622E-01 0 1 2 8 9 10
20210410:030000 523 73 13 43 6 -4.376E-01 2.299E-01 -2.225E-01 -7.988E-02 2.122E-01 -1.611E-01 -4.358E-01 2.291E-01 -2.210E-01 -8.108E-02 2.118E-01 -1.619E-01 0 1 2 8 9 10
