20210314:090000 209 3 6 15 5 -5.944E-01 2.329E-02 -9.504E-02 6.523E-02 -1.253E-02 -5.942E-01 2.323E-02 -9.536E-02 6.564E-02 -1.282E-02 0 1 8 9 10
20210315:090000 209 3 6 24 5 -5.946E-01 2.354E-02 -9.490E-02 6.549E-02 -1.246E-02 -5.944E-01 2.329E-02 -9.504E-02 6.523E-02 -1.253E-02 0 1 8 9 10
20210316:090000 209 3 6 17 5 -5.952E-01 2.397E-02 -9.541E-02 6.530E-02 -1.285E-02 -5.946E-01 2.354E-02 -9.490E-02 6.549E-02 -1.246E-02 0 1 8 9 10
20210317:090000 209 3 6 26 5 -5.954E-01 2.421E-02 -9.557E-02 6.540E-02 -1.287E-02 -5.952E-01 2.397E-02 -9.541E-02 6.530E-02 -1.285E-02 0 1 8 9 10
20210318:090000 209 3 6 23 5 -5.958E-01 2.466E-02 -9.593E-02 6.525E-02 -1.313E-02 -5.954E-01 2.421E-02 -9.557E-02 6.540E-02 -1.287E-02 0 1 8 9 10
20210319:090000 209 3 6 11 5 -5.957E-01 2.451E-02 -9.580E-02 6.530E-02 -1.304E-02 -5.958E-01 2.466E-02 -9.593E-02 6.525E-02 -1.313E-02 0 1 8 9 10
20210320:090000 209 3 6 29 5 -5.961E-01 2.490E-02 -9.627E-02 6.505E-02 -1.342E-02 -5.957E-01 2.451E-02 -9.580E-02 6.530E-02 -1.304E-02 0 1 8 9 10
20210321:090000 209 3 6 36 5 -5.962E-01 2.510E-02 -9.581E-02 6.488E-02 -1.301E-02 -5.961E-01 2.490E-02 -9.627E-02 6.505E-02 -1.342E-02 0 1 8 9 10
20210322:090000 209 3 6 52 5 -5.957E-01 2.504E-02 -9.454E-02 6.537E-02 -1.219E-02 -5.962E-01 2.510E-02 -9.581E-02 6.488E-02 -1.301E-02 0 1 8 9 10
20210323:090000 209 3 6 35 5 -5.953E-01 2.491E-02 -9.385E-02 6.504E-02 -1.190E-02 -5.957E-01 2.504E-02 -9.454E-02 6.537E-02 -1.219E-02 0 1 8 9 10
20210324:090000 209 3 6 13 5 -5.952E-01 2.489E-02 -9.383E-02 6.511E-02 -1.185E-02 -5.953E-01 2.491E-02 -9.385E-02 6.504E-02 -1.190E-02 0 1 8 9 10
20210325:090000 209 3 6 13 5 -5.953E-01 2.506E-02 -9.385E-02 6.523E-02 -1.184E-02 -5.952E-01 2.489E-02 -9.383E-02 6.511E-02 -1.185E-02 0 1 8 9 10
20210326:090000 209 3 6 15 5 -5.955E-01 2.523E-02 -9.418E-02 6.487E-02 -1.220E-02 -5.953E-01 2.506E-02 -9.385E-02 6.523E-02 -1.184E-02 0 1 8 9 10
20210327:090000 209 3 6 21 5 -5.954E-01 2.519E-02 -9.417E-02 6.473E-02 -1.229E-02 -5.955E-01 2.523E-02 -9.418E-02 6.487E-02 -1.220E-02 0 1 8 9 10
20210328:090000 209 3 6 16 5 -5.954E-01 2.513E-02 -9.417E-02 6.480E-02 -1.225E-02 -5.954E-01 2.519E-02 -9.417E-02 6.473E-02 -1.229E-02 0 1 8 9 10
20210329:090000 209 3 6 34 5 -5.968E-01 2.557E-02 -9.527E-02 6.428E-02 -1.306E-02 -5.954E-01 2.513E-02 -9.417E-02 6.480E-02 -1.225E-02 0 1 8 9 10
20210330:090000 209 3 6 21 5 -5.975E-01 2.571E-02 -9.448E-02 6.428E-02 -1.238E-02 -5.968E-01 2.557E-02 -9.527E-02 6.428E-02 -1.306E-02 0 1 8 9 10
20210331:090000 209 3 6 24 5 -5.973E-01 2.568E-02 -9.405E-02 6.442E-02 -1.203E-02 -5.975E-01 2.571E-02 -9.448E-02 6.428E-02 -1.238E-02 0 1 8 9 10
20210401:090000 209 3 6 34 5 -5.970E-01 2.559E-02 -9.367E-02 6.416E-02 -1.193E-02 -5.973E-01 2.568E-02 -9.405E-02 6.442E-02 -1.203E-02 0 1 8 9 10
20210402:090000 209 3 6 48 5 -5.981E-01 2.607E-02 -9.419E-02 6.440E-02 -1.216E-02 -5.970E-01 2.559E-02 -9.367E-02 6.416E-02 -1.193E-02 0 1 8 9 10
20210403:090000 209 3 6 30 5 -5.988E-01 2.654E-02 -9.499E-02 6.400E-02 -1.268E-02 -5.981E-01 2.607E-02 -9.419E-02 6.440E-02 -1.216E-02 0 1 8 9 10
20210404:090000 209 3 6 33 5 -5.992E-01 2.674E-02 -9.541E-02 6.376E-02 -1.298E-02 -5.988E-01 2.654E-02 -9.499E-02 6.400E-02 -1.268E-02 0 1 8 9 10
20210405:090000 209 3 6 14 5 -5.993E-01 2.685E-02 -9.543E-02 6.383E-02 -1.294E-02 -5.992E-01 2.674E-02 -9.541E-02 6.376E-02 -1.298E-02 0 1 8 9 10
20210406:090000 209 3 6 24 5 -6.004E-01 2.819E-02 -9.561E-02 6.354E-02 -1.306E-02 -5.993E-01 2.685E-02 -9.543E-02 6.383E-02 -1.294E-02 0 1 8 9 10
20210407:090000 209 3 6 25 5 -6.014E-01 2.914E-02 -9.636E-02 6.315E-02 -1.362E-02 -6.004E-01 2.819E-02 -9.561E-02 6.354E-02 -1.306E-02 0 1 8 9 10
20210408:090000 209 3 6 14 5 -6.018E-01 2.946E-02 -9.629E-02 6.319E-02 -1.363E-02 -6.014E-01 2.914E-02 -9.636E-02 6.315E-02 -1.362E-02 0 1 8 9 10
20210409:090000 209 3 6 41 5 -6.030E-01 3.051E-02 -9.701E-02 6.295E-02 -1.401E-02 -6.018E-01 2.946E-02 -9.629E-02 6.319E-02 -1.363E-02 0 1 8 9 10
20210410:090000 209 3 6 23 5 -6.033E-01 3.079E-02 -9.717E-02 6.304E-02 -1.411E-02 -6.030E-01 3.051E-02 -9.701E-02 6.295E-02 -1.401E-02 0 1 8 9 10
