20210314:180000 223 15 4 439 5 1.134E-02 -3.394E-02 -9.606E-03 7.047E-02 5.172E-02 2.259E-02 -4.536E-02 -3.957E-03 7.066E-02 5.572E-02 0 1 8 9 10
20210315:180000 223 15 4 451 5 1.223E-03 -2.594E-02 -1.845E-02 7.104E-02 4.511E-02 1.134E-02 -3.394E-02 -9.606E-03 7.047E-02 5.172E-02 0 1 8 9 10
20210316:180000 223 15 4 446 5 -1.047E-03 -2.126E-02 -1.965E-02 7.400E-02 4.413E-02 1.223E-03 -2.594E-02 -1.845E-02 7.104E-02 4.511E-02 0 1 8 9 10
20210317:180000 223 15 4 294 5 1.124E-03 -2.095E-02 -2.323E-02 6.866E-02 4.073E-02 -1.047E-03 -2.126E-02 -1.965E-02 7.400E-02 4.413E-02 0 1 8 9 10
20210318:180000 223 15 4 322 5 1.433E-03 -2.014E-02 -3.084E-02 5.624E-02 3.421E-02 1.124E-03 -2.095E-02 -2.323E-02 6.866E-02 4.073E-02 0 1 8 9 10
20210319:180000 223 15 4 370 5 6.607E-03 -2.173E-02 -3.881E-02 6.204E-02 3.284E-02 1.433E-03 -2.014E-02 -3.084E-02 5.624E-02 3.421E-02 0 1 8 9 10
20210320:180000 223 15 4 380 5 8.039E-03 -2.300E-02 -3.352E-02 6.089E-02 3.579E-02 6.607E-03 -2.173E-02 -3.881E-02 6.204E-02 3.284E-02 0 1 8 9 10
20210321:180000 223 15 4 425 5 -6.784E-03 -1.657E-02 -2.840E-02 6.517E-02 4.075E-02 8.039E-03 -2.300E-02 -3.352E-02 6.089E-02 3.579E-02 0 1 8 9 10
20210322:180000 223 15 4 457 5 -5.727E-03 -1.709E-02 -3.921E-02 5.869E-02 3.282E-02 -6.784E-03 -1.657E-02 -2.840E-02 6.517E-02 4.075E-02 0 1 8 9 10
20210323:180000 223 15 4 456 5 6.227E-03 -2.350E-02 -3.559E-02 6.464E-02 3.298E-02 -5.727E-03 -1.709E-02 -3.921E-02 5.869E-02 3.282E-02 0 1 8 9 10
20210324:180000 223 15 4 454 5 2.125E-02 -3.468E-02 -3.041E-02 5.388E-02 3.632E-02 6.227E-03 -2.350E-02 -3.559E-02 6.464E-02 3.298E-02 0 1 8 9 10
20210325:180000 223 15 4 467 5 2.830E-02 -4.099E-02 -3.143E-02 4.258E-02 3.402E-02 2.125E-02 -3.468E-02 -3.041E-02 5.388E-02 3.632E-02 0 1 8 9 10
20210326:180000 223 15 4 337 5 5.012E-02 -6.101E-02 -2.789E-02 2.650E-02 3.287E-02 2.830E-02 -4.099E-02 -3.143E-02 4.258E-02 3.402E-02 0 1 8 9 10
20210327:180000 223 15 4 373 5 4.856E-02 -5.839E-02 -3.883E-02 2.046E-02 2.784E-02 5.012E-02 -6.101E-02 -2.789E-02 2.650E-02 3.287E-02 0 1 8 9 10
20210328:180000 223 15 4 399 5 3.190E-02 -5.448E-02 -2.833E-02 2.195E-02 3.386E-02 4.856E-02 -5.839E-02 -3.883E-02 2.046E-02 2.784E-02 0 1 8 9 10
20210329:180000 223 15 4 418 5 -3.583E-03 -4.870E-02 -1.883E-02 3.755E-02 4.383E-02 3.190E-02 -5.448E-02 -2.833E-02 2.195E-02 3.386E-02 0 1 8 9 10
20210330:180000 223 15 4 436 5 9.831E-03 -5.446E-02 -4.083E-02 2.549E-02 2.738E-02 -3.583E-03 -4.870E-02 -1.883E-02 3.755E-02 4.383E-02 0 1 8 9 10
20210331:180000 223 15 4 447 5 3.781E-03 -5.311E-02 -3.312E-02 1.512E-02 3.319E-02 9.831E-03 -5.446E-02 -4.083E-02 2.549E-02 2.738E-02 0 1 8 9 10
20210401:180000 223 15 4 455 5 -4.908E-03 -4.997E-02 -3.359E-02 1.029E-02 3.264E-02 3.781E-03 -5.311E-02 -3.312E-02 1.512E-02 3.319E-02 0 1 8 9 10
20210402:180000 223 15 4 432 5 -9.599E-03 -4.731E-02 -3.776E-02 1.171E-02 2.933E-02 -4.908E-03 -4.997E-02 -3.359E-02 1.029E-02 3.264E-02 0 1 8 9 10
20210403:180000 223 15 4 271 5 -1.144E-02 -4.664E-02 -3.144E-02 1.924E-02 3.309E-02 -9.599E-03 -4.731E-02 -3.776E-02 1.171E-02 2.933E-02 0 1 8 9 10
20210404:180000 223 15 4 333 5 -8.318E-03 -5.102E-02 -3.449E-02 1.746E-02 2.981E-02 -1.144E-02 -4.664E-02 -3.144E-02 1.924E-02 3.309E-02 0 1 8 9 10
20210405:180000 223 15 4 372 5 -1.451E-02 -5.324E-02 -3.232E-02 1.706E-02 3.089E-02 -8.318E-03 -5.102E-02 -3.449E-02 1.746E-02 2.981E-02 0 1 8 9 10
20210406:180000 223 15 4 364 5 -1.161E-02 -5.656E-02 -3.774E-02 1.149E-02 2.659E-02 -1.451E-02 -5.324E-02 -3.232E-02 1.706E-02 3.089E-02 0 1 8 9 10
20210407:180000 223 15 4 425 5 -2.945E-02 -4.173E-02 -3.357E-02 1.146E-02 2.950E-02 -1.161E-02 -5.656E-02 -3.774E-02 1.149E-02 2.659E-02 0 1 8 9 10
20210408:180000 223 15 4 447 5 -2.907E-02 -4.446E-02 -3.845E-02 1.778E-02 2.940E-02 -2.945E-02 -4.173E-02 -3.357E-02 1.146E-02 2.950E-02 0 1 8 9 10
20210409:180000 223 15 4 447 5 -2.870E-02 -4.462E-02 -4.895E-02 2.269E-02 2.013E-02 -2.907E-02 -4.446E-02 -3.845E-02 1.778E-02 2.940E-02 0 1 8 9 10
20210410:180000 223 15 4 443 5 -1.350E-02 -5.365E-02 -4.923E-02 1.879E-02 1.717E-02 -2.870E-02 -4.462E-02 -4.895E-02 2.269E-02 2.013E-02 0 1 8 9 10
